offset,entry_date,day_of_week,status,skip_reason,expiry_date,spot_open,base_atm,centre_strike,centre_shift,ce_strike,pe_strike,lot_size,lots,qty,balance_ratio,ce_entry,ce_stop,ce_exit_ts,ce_exit_price,ce_exit_reason,pe_entry,pe_stop,pe_exit_ts,pe_exit_price,pe_exit_reason,margin,gross_pnl,brokerage,net_pnl,remarks
0,2020-01-02,Thursday,TRADED,,2020-01-02,12216.80,12200,12200,0,12200,12200,75,4,300,0.41,31.20,56.16,2020-01-02T11:54:00+05:30,56.16,sl,12.65,22.77,2020-01-02T15:20:00+05:30,0.10,day_close,475800.00,-4323.00,100.00,-4423.00,
0,2020-01-09,Thursday,TRADED,,2020-01-09,12162.40,12150,12150,0,12150,12150,75,4,300,0.80,29.35,52.83,2020-01-09T12:18:00+05:30,52.83,sl,23.60,42.48,2020-01-09T15:20:00+05:30,0.05,day_close,473850.00,-579.00,100.00,-679.00,
0,2020-01-16,Thursday,TRADED,,2020-01-16,12372.50,12350,12350,0,12350,12350,75,4,300,0.55,29.70,53.46,2020-01-16T15:20:00+05:30,6.00,day_close,16.30,29.34,2020-01-16T11:13:00+05:30,29.34,sl,481650.00,2598.00,100.00,2498.00,
0,2020-01-23,Thursday,TRADED,,2020-01-23,12117.20,12100,12100,0,12100,12100,75,4,300,0.84,25.55,45.99,2020-01-23T09:35:00+05:30,45.99,sl,21.45,38.61,2020-01-23T15:20:00+05:30,0.10,day_close,471900.00,-327.00,100.00,-427.00,
0,2020-01-30,Thursday,TRADED,,2020-01-30,12095.00,12100,12100,0,12100,12100,75,4,300,0.57,20.90,37.62,2020-01-30T15:20:00+05:30,0.10,day_close,36.40,65.52,2020-01-30T10:32:00+05:30,65.52,sl,471900.00,-3096.00,100.00,-3196.00,
0,2020-02-06,Thursday,TRADED,,2020-02-06,12128.00,12150,12100,-1,12100,12100,75,4,300,0.52,40.80,73.44,2020-02-06T15:20:00+05:30,38.90,day_close,21.40,38.52,2020-02-06T15:20:00+05:30,0.05,day_close,471900.00,6375.00,100.00,6275.00,
0,2020-02-13,Thursday,TRADED,,2020-02-13,12183.30,12200,12200,0,12200,12200,75,4,300,0.38,15.40,27.72,2020-02-13T15:20:00+05:30,0.10,day_close,40.50,72.90,2020-02-13T15:20:00+05:30,23.65,day_close,475800.00,9045.00,100.00,8945.00,
0,2020-02-20,Thursday,TRADED,,2020-02-20,12113.00,12100,12100,0,12100,12100,75,4,300,0.95,22.95,41.31,2020-02-20T11:19:00+05:30,41.31,sl,21.70,39.06,2020-02-20T15:20:00+05:30,16.90,day_close,471900.00,-4668.00,100.00,-4768.00,
0,2020-02-27,Thursday,TRADED,,2020-02-27,11633.70,11650,11650,0,11650,11650,75,4,300,0.77,26.70,48.06,2020-02-27T15:20:00+05:30,0.10,day_close,34.60,62.28,2020-02-27T09:44:00+05:30,62.28,sl,454350.00,-924.00,100.00,-1024.00,
0,2020-03-05,Thursday,TRADED,,2020-03-05,11311.90,11300,11300,0,11300,11300,75,4,300,0.89,50.65,91.17,2020-03-05T15:20:00+05:30,0.05,day_close,44.85,80.73,2020-03-05T15:20:00+05:30,29.75,day_close,440700.00,19110.00,100.00,19010.00,
0,2020-03-12,Thursday,TRADED,,2020-03-12,9994.25,10000,10000,0,10000,10000,75,4,300,0.95,75.80,136.44,2020-03-12T15:20:00+05:30,0.10,day_close,72.00,129.60,2020-03-12T10:04:00+05:30,129.60,sl,390000.00,4830.00,100.00,4730.00,
0,2020-03-19,Thursday,TRADED,,2020-03-19,7963.75,7950,7950,0,7950,7950,75,4,300,0.79,132.50,238.50,2020-03-19T11:05:00+05:30,238.50,sl,104.70,188.46,2020-03-19T09:25:00+05:30,188.46,sl,310050.00,-57528.00,100.00,-57628.00,
0,2020-03-26,Thursday,TRADED,,2020-03-26,8336.40,8350,8300,-1,8300,8300,75,4,300,0.99,134.05,241.29,2020-03-26T09:30:00+05:30,241.29,sl,135.95,244.71,2020-03-26T15:20:00+05:30,0.40,day_close,323700.00,7893.00,100.00,7793.00,
0,2020-04-01,Wednesday,TRADED,,2020-04-01,8508.15,8500,8450,-1,8450,8450,75,4,300,0.75,100.05,180.09,2020-04-01T15:20:00+05:30,0.10,day_close,75.15,135.27,2020-04-01T09:52:00+05:30,135.27,sl,329550.00,11349.00,100.00,11249.00,
0,2020-04-09,Thursday,TRADED,,2020-04-09,8969.80,8950,8950,0,8950,8950,75,4,300,0.88,82.55,148.59,2020-04-09T15:06:00+05:30,148.59,sl,93.45,168.21,2020-04-09T15:20:00+05:30,0.20,day_close,349050.00,7563.00,100.00,7463.00,
0,2020-04-16,Thursday,TRADED,,2020-04-16,8830.60,8850,8850,0,8850,8850,75,4,300,0.75,62.85,113.13,2020-04-16T09:40:00+05:30,113.13,sl,83.30,149.94,2020-04-16T15:20:00+05:30,0.05,day_close,345150.00,9291.00,100.00,9191.00,
0,2020-04-23,Thursday,TRADED,,2020-04-23,9219.05,9200,9200,0,9200,9200,75,4,300,0.81,49.20,88.56,2020-04-23T10:46:00+05:30,88.56,sl,60.80,109.44,2020-04-23T15:20:00+05:30,0.10,day_close,358800.00,5802.00,100.00,5702.00,
0,2020-04-30,Thursday,TRADED,,2020-04-30,9749.40,9750,9700,-1,9700,9700,75,4,300,0.67,51.15,92.07,2020-04-30T09:33:00+05:30,92.07,sl,34.50,62.10,2020-04-30T15:20:00+05:30,0.10,day_close,378300.00,-2556.00,100.00,-2656.00,
0,2020-05-07,Thursday,TRADED,,2020-05-07,9211.00,9200,9200,0,9200,9200,75,4,300,0.84,52.85,95.13,2020-05-07T15:20:00+05:30,0.65,day_close,62.90,113.22,2020-05-07T15:20:00+05:30,4.25,day_close,358800.00,32655.00,100.00,32555.00,
0,2020-05-14,Thursday,TRADED,,2020-05-14,9237.85,9250,9250,0,9250,9250,75,4,300,0.79,42.75,76.95,2020-05-14T15:20:00+05:30,0.10,day_close,54.40,97.92,2020-05-14T14:09:00+05:30,97.92,sl,360750.00,-861.00,100.00,-961.00,
0,2020-05-21,Thursday,TRADED,,2020-05-21,9100.80,9100,9100,0,9100,9100,75,4,300,0.99,37.05,66.69,2020-05-21T13:05:00+05:30,66.69,sl,36.60,65.88,2020-05-21T15:20:00+05:30,0.20,day_close,354900.00,1428.00,100.00,1328.00,
0,2020-05-28,Thursday,TRADED,,2020-05-28,9386.15,9400,9350,-1,9350,9350,75,4,300,0.56,49.85,89.73,2020-05-28T11:02:00+05:30,89.73,sl,27.80,50.04,2020-05-28T15:20:00+05:30,0.10,day_close,364650.00,-4254.00,100.00,-4354.00,
0,2020-06-04,Thursday,TRADED,,2020-06-04,10109.00,10100,10100,0,10100,10100,75,4,300,0.97,42.85,77.13,2020-06-04T15:20:00+05:30,0.05,day_close,44.40,79.92,2020-06-04T09:34:00+05:30,79.92,sl,393900.00,1584.00,100.00,1484.00,
0,2020-06-11,Thursday,TRADED,,2020-06-11,10059.90,10050,10050,0,10050,10050,75,4,300,0.99,47.10,84.78,2020-06-11T15:20:00+05:30,0.05,day_close,47.75,85.95,2020-06-11T12:33:00+05:30,85.95,sl,391950.00,2055.00,100.00,1955.00,
0,2020-06-18,Thursday,TRADED,,2020-06-18,9867.05,9850,9850,0,9850,9850,75,4,300,0.81,41.45,74.61,2020-06-18T10:15:00+05:30,74.61,sl,51.00,91.80,2020-06-18T15:20:00+05:30,0.05,day_close,384150.00,4737.00,100.00,4637.00,
0,2020-06-25,Thursday,TRADED,,2020-06-25,10220.80,10200,10200,0,10200,10200,75,4,300,0.97,52.10,93.78,2020-06-25T09:49:00+05:30,93.78,sl,53.45,96.21,2020-06-25T15:20:00+05:30,0.10,day_close,397800.00,2901.00,100.00,2801.00,
0,2020-07-02,Thursday,TRADED,,2020-07-02,10512.60,10500,10500,0,10500,10500,75,4,300,0.97,41.55,74.79,2020-07-02T12:45:00+05:30,74.79,sl,42.85,77.13,2020-07-02T15:20:00+05:30,0.15,day_close,409500.00,2238.00,100.00,2138.00,
0,2020-07-09,Thursday,TRADED,,2020-07-09,10754.20,10750,10750,0,10750,10750,75,4,300,0.69,33.95,61.11,2020-07-09T14:17:00+05:30,61.11,sl,49.35,88.83,2020-07-09T15:20:00+05:30,0.05,day_close,419250.00,6042.00,100.00,5942.00,
0,2020-07-16,Thursday,TRADED,,2020-07-16,10624.00,10600,10600,0,10600,10600,75,4,300,0.91,47.45,85.41,2020-07-16T10:25:00+05:30,85.41,sl,43.15,77.67,2020-07-16T15:20:00+05:30,0.10,day_close,413400.00,927.00,100.00,827.00,
0,2020-07-23,Thursday,TRADED,,2020-07-23,11163.80,11150,11150,0,11150,11150,75,4,300,0.89,32.45,58.41,2020-07-23T11:37:00+05:30,58.41,sl,36.30,65.34,2020-07-23T15:20:00+05:30,0.10,day_close,434850.00,2472.00,100.00,2372.00,
0,2020-07-30,Thursday,TRADED,,2020-07-30,11268.50,11250,11250,0,11250,11250,75,4,300,0.74,37.20,66.96,2020-07-30T15:20:00+05:30,0.10,day_close,27.45,49.41,2020-07-30T12:57:00+05:30,49.41,sl,438750.00,3942.00,100.00,3842.00,
0,2020-08-06,Thursday,TRADED,,2020-08-06,11161.70,11150,11150,0,11150,11150,75,4,300,0.89,41.70,75.06,2020-08-06T11:58:00+05:30,75.06,sl,46.60,83.88,2020-08-06T15:20:00+05:30,0.10,day_close,434850.00,3342.00,100.00,3242.00,
0,2020-08-13,Thursday,TRADED,,2020-08-13,11352.50,11350,11350,0,11350,11350,75,4,300,0.92,34.10,61.38,2020-08-13T15:20:00+05:30,0.10,day_close,31.50,56.70,2020-08-13T11:41:00+05:30,56.70,sl,442650.00,2040.00,100.00,1940.00,
0,2020-08-20,Thursday,TRADED,,2020-08-20,11321.80,11300,11300,0,11300,11300,75,4,300,0.76,38.00,68.40,2020-08-20T15:20:00+05:30,12.70,day_close,29.00,52.20,2020-08-20T15:20:00+05:30,0.15,day_close,440700.00,15645.00,100.00,15545.00,
0,2020-08-27,Thursday,TRADED,,2020-08-27,11600.30,11600,11600,0,11600,11600,75,4,300,0.62,23.40,42.12,2020-08-27T15:20:00+05:30,0.05,day_close,37.45,67.41,2020-08-27T15:20:00+05:30,43.30,day_close,452400.00,4650.00,100.00,4550.00,
0,2020-09-03,Thursday,TRADED,,2020-09-03,11562.50,11550,11550,0,11550,11550,75,4,300,0.65,39.70,71.46,2020-09-03T15:20:00+05:30,0.10,day_close,25.65,46.17,2020-09-03T11:35:00+05:30,46.17,sl,450450.00,5124.00,100.00,5024.00,
0,2020-09-10,Thursday,TRADED,,2020-09-10,11346.30,11350,11350,0,11350,11350,75,4,300,0.66,22.60,40.68,2020-09-10T10:43:00+05:30,40.68,sl,34.15,61.47,2020-09-10T15:20:00+05:30,0.15,day_close,442650.00,4176.00,100.00,4076.00,
0,2020-09-17,Thursday,TRADED,,2020-09-17,11557.40,11550,11550,0,11550,11550,75,4,300,0.75,25.60,46.08,2020-09-17T10:41:00+05:30,46.08,sl,34.00,61.20,2020-09-17T15:20:00+05:30,29.45,day_close,450450.00,-5379.00,100.00,-5479.00,
0,2020-09-24,Thursday,TRADED,,2020-09-24,10988.10,11000,11000,0,11000,11000,75,4,300,0.85,35.00,63.00,2020-09-24T15:20:00+05:30,0.15,day_close,41.40,74.52,2020-09-24T10:28:00+05:30,74.52,sl,429000.00,-81.00,100.00,-181.00,
0,2020-10-01,Thursday,TRADED,,2020-10-01,11369.20,11350,11350,0,11350,11350,75,4,300,0.81,32.10,57.78,2020-10-01T10:04:00+05:30,57.78,sl,26.10,46.98,2020-10-01T15:20:00+05:30,0.10,day_close,442650.00,-504.00,100.00,-604.00,
0,2020-10-08,Thursday,TRADED,,2020-10-08,11842.90,11850,11850,0,11850,11850,75,4,300,0.62,24.35,43.83,2020-10-08T11:10:00+05:30,43.83,sl,39.10,70.38,2020-10-08T15:20:00+05:30,14.90,day_close,462150.00,816.00,100.00,716.00,
0,2020-10-15,Thursday,TRADED,,2020-10-15,11951.20,11950,11950,0,11950,11950,75,4,300,0.99,35.00,63.00,2020-10-15T15:20:00+05:30,0.05,day_close,34.70,62.46,2020-10-15T11:32:00+05:30,62.46,sl,466050.00,1557.00,100.00,1457.00,
0,2020-10-22,Thursday,TRADED,,2020-10-22,11934.00,11950,11950,0,11950,11950,75,4,300,0.65,37.65,67.77,2020-10-22T15:20:00+05:30,0.15,day_close,57.70,103.86,2020-10-22T09:34:00+05:30,103.86,sl,466050.00,-3198.00,100.00,-3298.00,
0,2020-10-29,Thursday,TRADED,,2020-10-29,11616.00,11600,11600,0,11600,11600,75,4,300,0.73,66.15,119.07,2020-10-29T11:53:00+05:30,119.07,sl,48.00,86.40,2020-10-29T15:20:00+05:30,0.15,day_close,452400.00,-2121.00,100.00,-2221.00,
0,2020-11-05,Thursday,TRADED,,2020-11-05,12052.60,12050,12050,0,12050,12050,75,4,300,0.99,46.40,83.52,2020-11-05T15:20:00+05:30,68.45,day_close,46.70,84.06,2020-11-05T15:20:00+05:30,0.10,day_close,469950.00,6765.00,100.00,6665.00,
0,2020-11-12,Thursday,TRADED,,2020-11-12,12722.80,12700,12750,1,12750,12750,75,4,300,0.61,38.25,68.85,2020-11-12T15:20:00+05:30,0.15,day_close,62.65,112.77,2020-11-12T13:25:00+05:30,112.77,sl,497250.00,-4206.00,100.00,-4306.00,
0,2020-11-19,Thursday,TRADED,,2020-11-19,12889.70,12900,12900,0,12900,12900,75,4,300,0.65,25.75,46.35,2020-11-19T09:42:00+05:30,46.35,sl,39.85,71.73,2020-11-19T14:18:00+05:30,71.73,sl,503100.00,-16344.00,100.00,-16444.00,
0,2020-11-26,Thursday,TRADED,,2020-11-26,12877.00,12900,12850,-1,12850,12850,75,4,300,0.66,61.50,110.70,2020-11-26T15:04:00+05:30,110.70,sl,40.40,72.72,2020-11-26T10:00:00+05:30,72.72,sl,501150.00,-25056.00,100.00,-25156.00,
0,2020-12-03,Thursday,TRADED,,2020-12-03,13173.60,13150,13150,0,13150,13150,75,4,300,0.77,48.35,87.03,2020-12-03T15:20:00+05:30,0.15,day_close,37.45,67.41,2020-12-03T15:20:00+05:30,16.25,day_close,512850.00,20220.00,100.00,20120.00,
0,2020-12-10,Thursday,TRADED,,2020-12-10,13479.40,13500,13500,0,13500,13500,75,4,300,0.59,31.90,57.42,2020-12-10T15:20:00+05:30,0.15,day_close,54.00,97.20,2020-12-10T09:40:00+05:30,97.20,sl,526500.00,-4035.00,100.00,-4135.00,
0,2020-12-17,Thursday,TRADED,,2020-12-17,13696.20,13700,13700,0,13700,13700,75,4,300,0.61,30.15,54.27,2020-12-17T13:30:00+05:30,54.27,sl,49.35,88.83,2020-12-17T15:20:00+05:30,0.10,day_close,534300.00,6939.00,100.00,6839.00,
0,2020-12-24,Thursday,TRADED,,2020-12-24,13684.20,13700,13650,-1,13650,13650,75,4,300,0.51,48.10,86.58,2020-12-24T10:14:00+05:30,86.58,sl,24.30,43.74,2020-12-24T11:16:00+05:30,43.74,sl,532350.00,-17976.00,100.00,-18076.00,
0,2020-12-31,Thursday,TRADED,,2020-12-31,13966.90,13950,13950,0,13950,13950,75,4,300,0.82,47.95,86.31,2020-12-31T15:20:00+05:30,33.25,day_close,39.30,70.74,2020-12-31T15:20:00+05:30,0.15,day_close,544050.00,15555.00,100.00,15455.00,
0,2021-01-07,Thursday,TRADED,,2021-01-07,14234.90,14250,14250,0,14250,14250,75,4,300,0.56,27.65,49.77,2021-01-07T15:20:00+05:30,0.10,day_close,48.95,88.11,2021-01-07T11:02:00+05:30,88.11,sl,555750.00,-4083.00,100.00,-4183.00,
0,2021-01-14,Thursday,TRADED,,2021-01-14,14542.70,14550,14550,0,14550,14550,75,4,300,0.87,39.05,70.29,2021-01-14T15:20:00+05:30,42.25,day_close,45.00,81.00,2021-01-14T09:39:00+05:30,81.00,sl,567450.00,-12360.00,100.00,-12460.00,
0,2021-01-21,Thursday,TRADED,,2021-01-21,14725.50,14750,14700,-1,14700,14700,75,4,300,0.69,38.90,70.02,2021-01-21T15:20:00+05:30,0.15,day_close,26.85,48.33,2021-01-21T14:49:00+05:30,48.33,sl,573300.00,4581.00,100.00,4481.00,
0,2021-01-28,Thursday,TRADED,,2021-01-28,13833.00,13850,13850,0,13850,13850,75,4,300,0.75,50.95,91.71,2021-01-28T15:20:00+05:30,0.30,day_close,68.25,122.85,2021-01-28T13:02:00+05:30,122.85,sl,540150.00,-1785.00,100.00,-1885.00,
0,2021-02-04,Thursday,TRADED,,2021-02-04,14770.20,14750,14750,0,14750,14750,75,4,300,0.79,64.60,116.28,2021-02-04T12:30:00+05:30,116.28,sl,51.20,92.16,2021-02-04T15:20:00+05:30,0.10,day_close,575250.00,-774.00,100.00,-874.00,
0,2021-02-11,Thursday,TRADED,,2021-02-11,15092.60,15100,15100,0,15100,15100,75,4,300,0.78,48.70,87.66,2021-02-11T09:50:00+05:30,87.66,sl,62.40,112.32,2021-02-11T15:20:00+05:30,0.15,day_close,588900.00,6387.00,100.00,6287.00,
0,2021-02-18,Thursday,TRADED,,2021-02-18,15227.10,15250,15200,-1,15200,15200,75,4,300,0.72,55.45,99.81,2021-02-18T15:20:00+05:30,0.10,day_close,39.65,71.37,2021-02-18T11:44:00+05:30,71.37,sl,592800.00,6489.00,100.00,6389.00,
0,2021-02-25,Thursday,TRADED,,2021-02-25,15146.10,15150,15150,0,15150,15150,75,4,300,0.91,49.60,89.28,2021-02-25T15:20:00+05:30,0.10,day_close,54.70,98.46,2021-02-25T15:20:00+05:30,54.10,day_close,590850.00,14430.00,100.00,14330.00,
0,2021-03-04,Thursday,TRADED,,2021-03-04,15062.20,15050,15050,0,15050,15050,75,4,300,0.99,68.20,122.76,2021-03-04T11:22:00+05:30,122.76,sl,68.60,123.48,2021-03-04T15:20:00+05:30,0.35,day_close,586950.00,3507.00,100.00,3407.00,
0,2021-03-10,Wednesday,TRADED,,2021-03-10,15194.50,15200,15200,0,15200,15200,75,4,300,0.95,45.80,82.44,2021-03-10T15:20:00+05:30,0.20,day_close,48.00,86.40,2021-03-10T12:03:00+05:30,86.40,sl,592800.00,1560.00,100.00,1460.00,
0,2021-03-18,Thursday,TRADED,,2021-03-18,14837.00,14850,14850,0,14850,14850,75,4,300,0.90,50.75,91.35,2021-03-18T15:20:00+05:30,0.10,day_close,56.70,102.06,2021-03-18T13:06:00+05:30,102.06,sl,579150.00,987.00,100.00,887.00,
0,2021-03-25,Thursday,TRADED,,2021-03-25,14481.40,14500,14500,0,14500,14500,75,4,300,0.78,55.20,99.36,2021-03-25T15:20:00+05:30,0.20,day_close,70.40,126.72,2021-03-25T10:53:00+05:30,126.72,sl,565500.00,-996.00,100.00,-1096.00,
0,2021-04-01,Thursday,TRADED,,2021-04-01,14808.80,14800,14800,0,14800,14800,75,4,300,0.86,57.05,102.69,2021-04-01T15:20:00+05:30,67.50,day_close,49.30,88.74,2021-04-01T10:48:00+05:30,88.74,sl,577200.00,-15567.00,100.00,-15667.00,
0,2021-04-08,Thursday,TRADED,,2021-04-08,14928.80,14950,14900,-1,14900,14900,75,4,300,0.64,58.80,105.84,2021-04-08T15:20:00+05:30,0.25,day_close,37.55,67.59,2021-04-08T15:00:00+05:30,67.59,sl,581100.00,7953.00,100.00,7853.00,
0,2021-04-15,Thursday,TRADED,,2021-04-15,14544.00,14550,14550,0,14550,14550,75,4,300,0.92,59.00,106.20,2021-04-15T15:20:00+05:30,27.75,day_close,54.35,97.83,2021-04-15T09:36:00+05:30,97.83,sl,567450.00,-4269.00,100.00,-4369.00,
0,2021-04-22,Thursday,TRADED,,2021-04-22,14163.30,14150,14150,0,14150,14150,75,4,300,0.88,68.45,123.21,2021-04-22T09:41:00+05:30,123.21,sl,60.50,108.90,2021-04-22T15:20:00+05:30,0.15,day_close,551850.00,1077.00,100.00,977.00,
0,2021-04-29,Thursday,TRADED,,2021-04-29,15033.00,15050,15050,0,15050,15050,75,4,300,0.63,40.45,72.81,2021-04-29T15:20:00+05:30,0.10,day_close,64.55,116.19,2021-04-29T09:49:00+05:30,116.19,sl,586950.00,-3987.00,100.00,-4087.00,
0,2021-05-06,Thursday,TRADED,,2021-05-06,14646.70,14650,14650,0,14650,14650,75,4,300,0.97,50.75,91.35,2021-05-06T15:20:00+05:30,70.55,day_close,49.25,88.65,2021-05-06T15:20:00+05:30,0.10,day_close,571350.00,8205.00,100.00,8105.00,
0,2021-05-12,Wednesday,TRADED,,2021-05-12,14798.40,14800,14800,0,14800,14800,75,4,300,0.86,42.55,76.59,2021-05-12T15:20:00+05:30,0.20,day_close,49.70,89.46,2021-05-12T09:37:00+05:30,89.46,sl,577200.00,177.00,100.00,77.00,
0,2021-05-20,Thursday,TRADED,,2021-05-20,15053.50,15050,15050,0,15050,15050,75,4,300,0.95,43.35,78.03,2021-05-20T15:20:00+05:30,0.15,day_close,41.25,74.25,2021-05-20T09:28:00+05:30,74.25,sl,586950.00,2460.00,100.00,2360.00,
0,2021-05-27,Thursday,TRADED,,2021-05-27,15300.40,15300,15300,0,15300,15300,75,4,300,0.98,42.95,77.31,2021-05-27T11:50:00+05:30,77.31,sl,43.65,78.57,2021-05-27T15:20:00+05:30,0.15,day_close,596700.00,2142.00,100.00,2042.00,
0,2021-06-03,Thursday,TRADED,,2021-06-03,15659.30,15650,15650,0,15650,15650,75,4,300,0.89,33.25,59.85,2021-06-03T15:20:00+05:30,38.80,day_close,37.40,67.32,2021-06-03T15:20:00+05:30,0.10,day_close,610350.00,8925.00,100.00,8825.00,
0,2021-06-10,Thursday,TRADED,,2021-06-10,15688.40,15700,15700,0,15700,15700,75,4,300,0.54,28.35,51.03,2021-06-10T12:00:00+05:30,51.03,sl,52.30,94.14,2021-06-10T15:20:00+05:30,0.20,day_close,612300.00,8226.00,100.00,8126.00,
0,2021-06-17,Thursday,TRADED,,2021-06-17,15683.30,15700,15700,0,15700,15700,75,4,300,0.61,33.20,59.76,2021-06-17T10:33:00+05:30,59.76,sl,54.30,97.74,2021-06-17T15:20:00+05:30,5.70,day_close,612300.00,6012.00,100.00,5912.00,
0,2021-06-24,Thursday,TRADED,,2021-06-24,15731.50,15750,15700,-1,15700,15700,75,4,300,0.67,56.60,101.88,2021-06-24T13:14:00+05:30,101.88,sl,37.80,68.04,2021-06-24T15:20:00+05:30,0.10,day_close,612300.00,-2874.00,100.00,-2974.00,
0,2021-07-01,Thursday,TRADED,,2021-07-01,15724.20,15700,15700,0,15700,15700,75,4,300,0.50,48.10,86.58,2021-07-01T15:20:00+05:30,0.15,day_close,24.00,43.20,2021-07-01T15:20:00+05:30,22.25,day_close,612300.00,14310.00,100.00,14210.00,
0,2021-07-08,Thursday,TRADED,,2021-07-08,15870.70,15850,15850,0,15850,15850,75,4,300,0.54,45.60,82.08,2021-07-08T15:20:00+05:30,0.10,day_close,24.40,43.92,2021-07-08T10:40:00+05:30,43.92,sl,618150.00,7194.00,100.00,7094.00,
0,2021-07-15,Thursday,TRADED,,2021-07-15,15877.20,15900,15850,-1,15850,15850,75,4,300,0.61,40.90,73.62,2021-07-15T10:45:00+05:30,73.62,sl,24.80,44.64,2021-07-15T15:20:00+05:30,0.05,day_close,618150.00,-2991.00,100.00,-3091.00,
0,2021-07-22,Thursday,TRADED,,2021-07-22,15753.00,15750,15750,0,15750,15750,75,4,300,0.80,26.35,47.43,2021-07-22T09:58:00+05:30,47.43,sl,32.85,59.13,2021-07-22T15:20:00+05:30,0.10,day_close,614250.00,2901.00,100.00,2801.00,
0,2021-07-29,Thursday,TRADED,,2021-07-29,15772.60,15750,15750,0,15750,15750,75,4,300,0.60,43.05,77.49,2021-07-29T15:20:00+05:30,26.10,day_close,25.75,46.35,2021-07-29T15:20:00+05:30,0.15,day_close,614250.00,12165.00,100.00,12065.00,
0,2021-08-05,Thursday,TRADED,,2021-08-05,16267.50,16250,16250,0,16250,16250,75,4,300,0.78,41.75,75.15,2021-08-05T12:51:00+05:30,75.15,sl,32.40,58.32,2021-08-05T09:33:00+05:30,58.32,sl,633750.00,-18396.00,100.00,-18496.00,
0,2021-08-12,Thursday,TRADED,,2021-08-12,16323.80,16300,16300,0,16300,16300,75,4,300,0.64,40.55,72.99,2021-08-12T13:30:00+05:30,72.99,sl,25.95,46.71,2021-08-12T15:20:00+05:30,0.15,day_close,635700.00,-2592.00,100.00,-2692.00,
0,2021-08-18,Wednesday,TRADED,,2021-08-18,16675.10,16700,16650,-1,16650,16650,75,4,300,0.56,43.05,77.49,2021-08-18T15:20:00+05:30,0.15,day_close,24.15,43.47,2021-08-18T12:48:00+05:30,43.47,sl,649350.00,6474.00,100.00,6374.00,
0,2021-08-26,Thursday,TRADED,,2021-08-26,16619.80,16600,16600,0,16600,16600,75,4,300,0.79,41.80,75.24,2021-08-26T09:54:00+05:30,75.24,sl,32.95,59.31,2021-08-26T15:20:00+05:30,0.05,day_close,647400.00,-762.00,100.00,-862.00,
0,2021-09-02,Thursday,TRADED,,2021-09-02,17111.80,17100,17100,0,17100,17100,75,4,300,0.84,34.60,62.28,2021-09-02T11:15:00+05:30,62.28,sl,41.25,74.25,2021-09-02T15:20:00+05:30,0.15,day_close,666900.00,3426.00,100.00,3326.00,
0,2021-09-09,Thursday,TRADED,,2021-09-09,17345.10,17350,17350,0,17350,17350,75,4,300,0.82,32.95,59.31,2021-09-09T15:20:00+05:30,19.50,day_close,40.30,72.54,2021-09-09T15:20:00+05:30,0.15,day_close,676650.00,15480.00,100.00,15380.00,
0,2021-09-16,Thursday,TRADED,,2021-09-16,17567.80,17550,17550,0,17550,17550,75,4,300,0.71,36.80,66.24,2021-09-16T14:17:00+05:30,66.24,sl,26.05,46.89,2021-09-16T09:57:00+05:30,46.89,sl,684450.00,-15684.00,100.00,-15784.00,
0,2021-09-23,Thursday,TRADED,,2021-09-23,17656.50,17650,17650,0,17650,17650,75,4,300,0.86,42.65,76.77,2021-09-23T10:00:00+05:30,76.77,sl,36.65,65.97,2021-09-23T15:20:00+05:30,0.05,day_close,688350.00,144.00,100.00,44.00,
0,2021-09-30,Thursday,TRADED,,2021-09-30,17689.20,17700,17700,0,17700,17700,75,4,300,0.73,45.40,81.72,2021-09-30T15:20:00+05:30,0.10,day_close,61.90,111.42,2021-09-30T13:21:00+05:30,111.42,sl,690300.00,-1866.00,100.00,-1966.00,
0,2021-10-07,Thursday,TRADED,,2021-10-07,17790.90,17800,17800,0,17800,17800,50,6,300,0.71,34.70,62.46,2021-10-07T11:55:00+05:30,62.46,sl,48.70,87.66,2021-10-07T15:20:00+05:30,7.85,day_close,694200.00,3327.00,100.00,3227.00,
0,2021-10-14,Thursday,TRADED,,2021-10-14,18284.60,18300,18250,-1,18250,18250,50,6,300,0.65,48.20,86.76,2021-10-14T15:09:00+05:30,86.76,sl,31.50,56.70,2021-10-14T15:20:00+05:30,0.15,day_close,711750.00,-2763.00,100.00,-2863.00,
0,2021-10-21,Thursday,TRADED,,2021-10-21,18339.50,18350,18350,0,18350,18350,50,6,300,0.77,45.20,81.36,2021-10-21T15:20:00+05:30,0.20,day_close,58.80,105.84,2021-10-21T09:33:00+05:30,105.84,sl,715650.00,-1212.00,100.00,-1312.00,
0,2021-10-28,Thursday,TRADED,,2021-10-28,18141.70,18150,18150,0,18150,18150,50,6,300,0.94,57.15,102.87,2021-10-28T15:20:00+05:30,0.15,day_close,60.65,109.17,2021-10-28T10:44:00+05:30,109.17,sl,707850.00,1944.00,100.00,1844.00,
0,2021-11-03,Wednesday,TRADED,,2021-11-03,17968.70,17950,17950,0,17950,17950,50,6,300,0.71,59.75,107.55,2021-11-03T15:20:00+05:30,0.10,day_close,42.20,75.96,2021-11-03T12:04:00+05:30,75.96,sl,700050.00,7167.00,100.00,7067.00,
0,2021-11-11,Thursday,TRADED,,2021-11-11,17951.60,17950,17950,0,17950,17950,50,6,300,0.97,51.95,93.51,2021-11-11T15:20:00+05:30,0.15,day_close,50.65,91.17,2021-11-11T10:02:00+05:30,91.17,sl,700050.00,2784.00,100.00,2684.00,
0,2021-11-18,Thursday,TRADED,,2021-11-18,17934.90,17950,17950,0,17950,17950,50,6,300,0.63,36.50,65.70,2021-11-18T15:20:00+05:30,0.15,day_close,58.10,104.58,2021-11-18T09:30:00+05:30,104.58,sl,700050.00,-3639.00,100.00,-3739.00,
0,2021-11-25,Thursday,TRADED,,2021-11-25,17440.80,17450,17450,0,17450,17450,50,6,300,0.69,43.70,78.66,2021-11-25T11:20:00+05:30,78.66,sl,63.10,113.58,2021-11-25T10:01:00+05:30,113.58,sl,680550.00,-26232.00,100.00,-26332.00,
0,2021-12-02,Thursday,TRADED,,2021-12-02,17226.30,17250,17200,-1,17200,17200,50,6,300,0.78,74.25,133.65,2021-12-02T11:20:00+05:30,133.65,sl,57.65,103.77,2021-12-02T15:20:00+05:30,0.10,day_close,670800.00,-1155.00,100.00,-1255.00,
0,2021-12-09,Thursday,TRADED,,2021-12-09,17505.70,17500,17500,0,17500,17500,50,6,300,0.86,54.00,97.20,2021-12-09T15:20:00+05:30,17.05,day_close,46.65,83.97,2021-12-09T09:25:00+05:30,83.97,sl,682500.00,-711.00,100.00,-811.00,
0,2021-12-16,Thursday,TRADED,,2021-12-16,17344.00,17350,17350,0,17350,17350,50,6,300,0.86,47.65,85.77,2021-12-16T15:20:00+05:30,0.20,day_close,55.65,100.17,2021-12-16T09:54:00+05:30,100.17,sl,676650.00,279.00,100.00,179.00,
0,2021-12-23,Thursday,TRADED,,2021-12-23,17036.90,17050,17050,0,17050,17050,50,6,300,0.81,42.35,76.23,2021-12-23T09:53:00+05:30,76.23,sl,52.15,93.87,2021-12-23T15:20:00+05:30,0.10,day_close,664950.00,4851.00,100.00,4751.00,
0,2021-12-30,Thursday,TRADED,,2021-12-30,17205.00,17200,17200,0,17200,17200,50,6,300,0.98,47.35,85.23,2021-12-30T15:20:00+05:30,5.90,day_close,46.55,83.79,2021-12-30T15:20:00+05:30,1.25,day_close,670800.00,25425.00,100.00,25325.00,
0,2022-01-06,Thursday,TRADED,,2022-01-06,17747.00,17750,17750,0,17750,17750,50,6,300,0.86,52.20,93.96,2022-01-06T15:20:00+05:30,0.90,day_close,45.10,81.18,2022-01-06T09:33:00+05:30,81.18,sl,692250.00,3966.00,100.00,3866.00,
0,2022-01-13,Thursday,TRADED,,2022-01-13,18238.80,18250,18250,0,18250,18250,50,6,300,0.70,37.50,67.50,2022-01-13T15:20:00+05:30,8.10,day_close,53.50,96.30,2022-01-13T15:20:00+05:30,0.60,day_close,711750.00,24090.00,100.00,23990.00,
0,2022-01-20,Thursday,TRADED,,2022-01-20,17913.10,17900,17900,0,17900,17900,50,6,300,0.71,54.10,97.38,2022-01-20T15:20:00+05:30,0.15,day_close,38.35,69.03,2022-01-20T10:13:00+05:30,69.03,sl,698100.00,6381.00,100.00,6281.00,
0,2022-01-27,Thursday,TRADED,,2022-01-27,16985.30,17000,16950,-1,16950,16950,50,6,300,0.82,106.65,191.97,2022-01-27T14:29:00+05:30,191.97,sl,87.50,157.50,2022-01-27T15:20:00+05:30,0.10,day_close,661050.00,24.00,100.00,-76.00,
0,2022-02-03,Thursday,TRADED,,2022-02-03,17750.70,17750,17750,0,17750,17750,50,6,300,0.97,46.85,84.33,2022-02-03T15:20:00+05:30,0.10,day_close,45.60,82.08,2022-02-03T09:49:00+05:30,82.08,sl,692250.00,2481.00,100.00,2381.00,
0,2022-02-10,Thursday,TRADED,,2022-02-10,17501.20,17500,17500,0,17500,17500,50,6,300,0.97,52.90,95.22,2022-02-10T10:43:00+05:30,95.22,sl,51.30,92.34,2022-02-10T10:00:00+05:30,92.70,gap_sl,682500.00,-25716.00,100.00,-25816.00,
0,2022-02-17,Thursday,TRADED,,2022-02-17,17422.10,17400,17400,0,17400,17400,50,6,300,0.71,63.35,114.03,2022-02-17T15:20:00+05:30,0.05,day_close,45.20,81.36,2022-02-17T09:29:00+05:30,81.36,sl,678600.00,7542.00,100.00,7442.00,
0,2022-02-24,Thursday,TRADED,,2022-02-24,16674.00,16650,16700,1,16700,16700,50,6,300,0.80,95.70,172.26,2022-02-24T15:20:00+05:30,0.10,day_close,119.70,215.46,2022-02-24T09:46:00+05:30,215.46,sl,651300.00,-648.00,100.00,-748.00,
0,2022-03-03,Thursday,TRADED,,2022-03-03,16723.30,16700,16700,0,16700,16700,50,6,300,0.82,81.10,145.98,2022-03-03T15:20:00+05:30,0.10,day_close,66.20,119.16,2022-03-03T10:08:00+05:30,119.16,sl,651300.00,7812.00,100.00,7712.00,
0,2022-03-10,Thursday,TRADED,,2022-03-10,16679.10,16700,16650,-1,16650,16650,50,6,300,0.84,81.25,146.25,2022-03-10T15:20:00+05:30,0.15,day_close,68.55,123.39,2022-03-10T13:51:00+05:30,123.39,sl,649350.00,7278.00,100.00,7178.00,
0,2022-03-17,Thursday,TRADED,,2022-03-17,17219.10,17200,17200,0,17200,17200,50,6,300,0.81,75.55,135.99,2022-03-17T12:39:00+05:30,135.99,sl,60.85,109.53,2022-03-17T15:20:00+05:30,0.05,day_close,670800.00,-492.00,100.00,-592.00,
0,2022-03-24,Thursday,TRADED,,2022-03-24,17156.90,17150,17150,0,17150,17150,50,6,300,0.88,69.75,125.55,2022-03-24T09:54:00+05:30,125.55,sl,61.45,110.61,2022-03-24T15:20:00+05:30,0.10,day_close,668850.00,1065.00,100.00,965.00,
0,2022-03-31,Thursday,TRADED,,2022-03-31,17533.80,17550,17550,0,17550,17550,50,6,300,0.69,39.25,70.65,2022-03-31T15:20:00+05:30,0.05,day_close,57.10,102.78,2022-03-31T14:36:00+05:30,102.78,sl,684450.00,-2544.00,100.00,-2644.00,
0,2022-04-07,Thursday,TRADED,,2022-04-07,17736.40,17750,17750,0,17750,17750,50,6,300,0.83,41.10,73.98,2022-04-07T15:20:00+05:30,0.05,day_close,49.45,89.01,2022-04-07T13:56:00+05:30,89.01,sl,692250.00,-153.00,100.00,-253.00,
0,2022-04-13,Wednesday,TRADED,,2022-04-13,17622.90,17600,17650,1,17650,17650,50,6,300,0.53,27.35,49.23,2022-04-13T15:20:00+05:30,0.05,day_close,51.65,92.97,2022-04-13T10:10:00+05:30,92.97,sl,688350.00,-4806.00,100.00,-4906.00,
0,2022-04-21,Thursday,TRADED,,2022-04-21,17245.90,17250,17250,0,17250,17250,50,6,300,0.78,37.30,67.14,2022-04-21T11:03:00+05:30,67.14,sl,47.60,85.68,2022-04-21T15:20:00+05:30,0.10,day_close,672750.00,4698.00,100.00,4598.00,
0,2022-04-28,Thursday,TRADED,,2022-04-28,17121.30,17100,17100,0,17100,17100,50,6,300,0.62,63.10,113.58,2022-04-28T12:43:00+05:30,113.58,sl,39.30,70.74,2022-04-28T15:20:00+05:30,0.15,day_close,666900.00,-3999.00,100.00,-4099.00,
0,2022-05-05,Thursday,TRADED,,2022-05-05,16824.10,16800,16800,0,16800,16800,50,6,300,0.67,71.90,129.42,2022-05-05T10:07:00+05:30,129.42,sl,48.50,87.30,2022-05-05T14:05:00+05:30,87.30,sl,655200.00,-29496.00,100.00,-29596.00,
0,2022-05-12,Thursday,TRADED,,2022-05-12,15961.30,15950,15950,0,15950,15950,50,6,300,0.84,76.65,137.97,2022-05-12T15:20:00+05:30,0.15,day_close,64.55,116.19,2022-05-12T09:38:00+05:30,116.19,sl,622050.00,6858.00,100.00,6758.00,
0,2022-05-19,Thursday,TRADED,,2022-05-19,15925.00,15900,15900,0,15900,15900,50,6,300,0.77,85.00,153.00,2022-05-19T15:20:00+05:30,0.05,day_close,65.05,117.09,2022-05-19T14:46:00+05:30,117.09,sl,620100.00,9273.00,100.00,9173.00,
0,2022-05-26,Thursday,TRADED,,2022-05-26,16087.10,16100,16100,0,16100,16100,50,6,300,0.75,53.20,95.76,2022-05-26T15:20:00+05:30,67.30,day_close,70.80,127.44,2022-05-26T10:27:00+05:30,127.44,sl,627900.00,-21822.00,100.00,-21922.00,
0,2022-06-02,Thursday,TRADED,,2022-06-02,16460.80,16450,16450,0,16450,16450,50,6,300,0.90,55.80,100.44,2022-06-02T09:28:00+05:30,100.44,sl,61.70,111.06,2022-06-02T15:20:00+05:30,0.10,day_close,641550.00,4488.00,100.00,4388.00,
0,2022-06-09,Thursday,TRADED,,2022-06-09,16285.00,16300,16300,0,16300,16300,50,6,300,0.65,41.00,73.80,2022-06-09T10:23:00+05:30,73.80,sl,63.25,113.85,2022-06-09T15:20:00+05:30,0.15,day_close,635700.00,8490.00,100.00,8390.00,
0,2022-06-16,Thursday,TRADED,,2022-06-16,15843.80,15850,15850,0,15850,15850,50,6,300,0.95,54.60,98.28,2022-06-16T15:20:00+05:30,0.10,day_close,57.55,103.59,2022-06-16T09:59:00+05:30,103.59,sl,618150.00,1938.00,100.00,1838.00,
0,2022-06-23,Thursday,TRADED,,2022-06-23,15469.50,15450,15450,0,15450,15450,50,6,300,0.74,68.60,123.48,2022-06-23T09:43:00+05:30,123.48,sl,50.50,90.90,2022-06-23T13:08:00+05:30,90.90,sl,602550.00,-29184.00,100.00,-29284.00,
0,2022-06-30,Thursday,TRADED,,2022-06-30,15854.80,15850,15850,0,15850,15850,50,6,300,0.91,67.70,121.86,2022-06-30T15:20:00+05:30,0.05,day_close,74.55,134.19,2022-06-30T12:13:00+05:30,134.19,sl,618150.00,1803.00,100.00,1703.00,
0,2022-07-07,Thursday,TRADED,,2022-07-07,16114.20,16100,16100,0,16100,16100,50,6,300,0.77,65.10,117.18,2022-07-07T15:20:00+05:30,34.65,day_close,50.15,90.27,2022-07-07T15:20:00+05:30,0.10,day_close,627900.00,23550.00,100.00,23450.00,
0,2022-07-14,Thursday,TRADED,,2022-07-14,16025.70,16050,16000,-1,16000,16000,50,6,300,0.73,66.50,119.70,2022-07-14T15:20:00+05:30,0.10,day_close,48.85,87.93,2022-07-14T13:23:00+05:30,87.93,sl,624000.00,7596.00,100.00,7496.00,
0,2022-07-21,Thursday,TRADED,,2022-07-21,16512.60,16500,16500,0,16500,16500,50,6,300,0.90,45.30,81.54,2022-07-21T10:12:00+05:30,81.54,sl,40.65,73.17,2022-07-21T15:20:00+05:30,0.10,day_close,643500.00,693.00,100.00,593.00,
0,2022-07-28,Thursday,TRADED,,2022-07-28,16775.90,16800,16750,-1,16750,16750,50,6,300,0.61,60.85,109.53,2022-07-28T10:26:00+05:30,109.53,sl,37.10,66.78,2022-07-28T15:20:00+05:30,0.05,day_close,653250.00,-4089.00,100.00,-4189.00,
0,2022-08-04,Thursday,TRADED,,2022-08-04,17464.60,17450,17450,0,17450,17450,50,6,300,0.72,58.60,105.48,2022-08-04T15:20:00+05:30,0.10,day_close,42.15,75.87,2022-08-04T11:15:00+05:30,75.87,sl,680550.00,6834.00,100.00,6734.00,
0,2022-08-11,Thursday,TRADED,,2022-08-11,17690.00,17700,17700,0,17700,17700,50,6,300,0.91,45.85,82.53,2022-08-11T15:20:00+05:30,0.10,day_close,50.30,90.54,2022-08-11T11:28:00+05:30,90.54,sl,690300.00,1053.00,100.00,953.00,
0,2022-08-18,Thursday,TRADED,,2022-08-18,17915.30,17900,17900,0,17900,17900,50,6,300,0.72,55.45,99.81,2022-08-18T15:20:00+05:30,55.55,day_close,40.00,72.00,2022-08-18T15:20:00+05:30,0.05,day_close,698100.00,11355.00,100.00,11255.00,
0,2022-08-25,Thursday,TRADED,,2022-08-25,17672.10,17650,17650,0,17650,17650,50,6,300,0.58,56.75,102.15,2022-08-25T15:20:00+05:30,0.05,day_close,33.00,59.40,2022-08-25T14:55:00+05:30,59.40,sl,688350.00,8490.00,100.00,8390.00,
0,2022-09-01,Thursday,TRADED,,2022-09-01,17553.80,17550,17550,0,17550,17550,50,6,300,0.91,73.35,132.03,2022-09-01T10:11:00+05:30,132.03,sl,66.65,119.97,2022-09-01T15:20:00+05:30,7.00,day_close,684450.00,-309.00,100.00,-409.00,
0,2022-09-08,Thursday,TRADED,,2022-09-08,17733.80,17750,17750,0,17750,17750,50,6,300,0.69,42.00,75.60,2022-09-08T09:36:00+05:30,75.60,sl,61.15,110.07,2022-09-08T15:20:00+05:30,0.10,day_close,692250.00,7635.00,100.00,7535.00,
0,2022-09-15,Thursday,TRADED,,2022-09-15,18083.80,18100,18100,0,18100,18100,50,6,300,0.73,47.15,84.87,2022-09-15T15:20:00+05:30,0.15,day_close,65.00,117.00,2022-09-15T09:37:00+05:30,117.00,sl,705900.00,-2100.00,100.00,-2200.00,
0,2022-09-22,Thursday,TRADED,,2022-09-22,17626.60,17650,17600,-1,17600,17600,50,6,300,0.74,92.50,166.50,2022-09-22T15:20:00+05:30,28.75,day_close,68.70,123.66,2022-09-22T15:20:00+05:30,0.30,day_close,686400.00,39045.00,100.00,38945.00,
0,2022-09-29,Thursday,TRADED,,2022-09-29,17005.90,17000,17000,0,17000,17000,50,6,300,0.84,56.90,102.42,2022-09-29T15:20:00+05:30,0.05,day_close,47.95,86.31,2022-09-29T09:31:00+05:30,86.31,sl,663000.00,4947.00,100.00,4847.00,
0,2022-10-06,Thursday,TRADED,,2022-10-06,17374.50,17350,17400,1,17400,17400,50,6,300,0.66,46.00,82.80,2022-10-06T15:20:00+05:30,0.10,day_close,70.10,126.18,2022-10-06T15:20:00+05:30,65.80,day_close,678600.00,14460.00,100.00,14360.00,
0,2022-10-13,Thursday,TRADED,,2022-10-13,17086.00,17100,17100,0,17100,17100,50,6,300,0.75,49.40,88.92,2022-10-13T15:20:00+05:30,0.10,day_close,65.75,118.35,2022-10-13T10:33:00+05:30,119.55,gap_sl,666900.00,-1950.00,100.00,-2050.00,
0,2022-10-20,Thursday,TRADED,,2022-10-20,17450.00,17450,17450,0,17450,17450,50,6,300,0.68,34.25,61.65,2022-10-20T10:43:00+05:30,61.65,sl,50.60,91.08,2022-10-20T15:20:00+05:30,0.15,day_close,680550.00,6315.00,100.00,6215.00,
0,2022-10-27,Thursday,TRADED,,2022-10-27,17756.10,17750,17750,0,17750,17750,50,6,300,0.72,50.70,91.26,2022-10-27T15:20:00+05:30,0.75,day_close,36.60,65.88,2022-10-27T09:50:00+05:30,65.88,sl,692250.00,5601.00,100.00,5501.00,
0,2022-11-03,Thursday,TRADED,,2022-11-03,18021.80,18000,18000,0,18000,18000,50,6,300,0.76,62.25,112.05,2022-11-03T10:27:00+05:30,112.05,sl,47.25,85.05,2022-11-03T15:20:00+05:30,0.15,day_close,702000.00,-1410.00,100.00,-1510.00,
0,2022-11-10,Thursday,TRADED,,2022-11-10,18068.20,18050,18100,1,18100,18100,50,6,300,0.55,28.35,51.03,2022-11-10T15:20:00+05:30,0.10,day_close,51.70,93.06,2022-11-10T09:50:00+05:30,94.25,gap_sl,705900.00,-4890.00,100.00,-4990.00,
0,2022-11-17,Thursday,TRADED,,2022-11-17,18381.20,18400,18400,0,18400,18400,50,6,300,0.52,25.30,45.54,2022-11-17T15:20:00+05:30,0.15,day_close,48.80,87.84,2022-11-17T15:20:00+05:30,57.45,day_close,717600.00,4350.00,100.00,4250.00,
0,2022-11-24,Thursday,TRADED,,2022-11-24,18300.10,18300,18300,0,18300,18300,50,6,300,0.94,28.15,50.67,2022-11-24T09:38:00+05:30,50.67,sl,26.45,47.61,2022-11-24T15:20:00+05:30,0.20,day_close,713700.00,519.00,100.00,419.00,
0,2022-12-01,Thursday,TRADED,,2022-12-01,18866.90,18850,18850,0,18850,18850,50,6,300,0.68,44.75,80.55,2022-12-01T15:20:00+05:30,0.20,day_close,30.60,55.08,2022-12-01T13:25:00+05:30,55.08,sl,735150.00,5421.00,100.00,5321.00,
0,2022-12-08,Thursday,TRADED,,2022-12-08,18552.40,18550,18550,0,18550,18550,50,6,300,0.72,48.55,87.39,2022-12-08T10:01:00+05:30,87.39,sl,34.80,62.64,2022-12-08T15:20:00+05:30,0.10,day_close,723450.00,-1842.00,100.00,-1942.00,
0,2022-12-15,Thursday,TRADED,,2022-12-15,18631.60,18650,18650,0,18650,18650,50,6,300,0.67,27.75,49.95,2022-12-15T15:20:00+05:30,0.10,day_close,41.15,74.07,2022-12-15T09:33:00+05:30,74.07,sl,727350.00,-2181.00,100.00,-2281.00,
0,2022-12-22,Thursday,TRADED,,2022-12-22,18259.10,18250,18250,0,18250,18250,50,6,300,0.74,63.05,113.49,2022-12-22T15:20:00+05:30,0.10,day_close,46.35,83.43,2022-12-22T09:30:00+05:30,83.43,sl,711750.00,7161.00,100.00,7061.00,
0,2022-12-29,Thursday,TRADED,,2022-12-29,18028.80,18050,18050,0,18050,18050,50,6,300,0.59,32.80,59.04,2022-12-29T14:39:00+05:30,59.04,sl,55.65,100.17,2022-12-29T15:20:00+05:30,0.10,day_close,703950.00,8193.00,100.00,8093.00,
0,2023-01-05,Thursday,TRADED,,2023-01-05,18062.80,18050,18050,0,18050,18050,50,6,300,0.79,54.75,98.55,2023-01-05T09:34:00+05:30,98.55,sl,43.00,77.40,2023-01-05T11:51:00+05:30,77.40,sl,703950.00,-24060.00,100.00,-24160.00,
0,2023-01-12,Thursday,TRADED,,2023-01-12,17913.80,17900,17950,1,17950,17950,50,6,300,0.68,45.20,81.36,2023-01-12T15:20:00+05:30,0.05,day_close,66.85,120.33,2023-01-12T10:10:00+05:30,120.33,sl,700050.00,-3099.00,100.00,-3199.00,
0,2023-01-19,Thursday,TRADED,,2023-01-19,18118.20,18100,18100,0,18100,18100,50,6,300,0.73,53.60,96.48,2023-01-19T15:20:00+05:30,8.55,day_close,39.05,70.29,2023-01-19T15:20:00+05:30,0.25,day_close,705900.00,24555.00,100.00,24455.00,
0,2023-01-25,Wednesday,TRADED,,2023-01-25,18059.50,18050,18050,0,18050,18050,50,6,300,0.62,49.15,88.47,2023-01-25T15:20:00+05:30,0.15,day_close,30.45,54.81,2023-01-25T09:45:00+05:30,54.81,sl,703950.00,6792.00,100.00,6692.00,
0,2023-02-02,Thursday,TRADED,,2023-02-02,17474.40,17450,17500,1,17500,17500,50,6,300,0.76,69.50,125.10,2023-02-02T09:27:00+05:30,125.10,sl,91.25,164.25,2023-02-02T15:20:00+05:30,0.15,day_close,682500.00,10050.00,100.00,9950.00,
0,2023-02-09,Thursday,TRADED,,2023-02-09,17843.60,17850,17850,0,17850,17850,50,6,300,0.86,42.90,77.22,2023-02-09T15:20:00+05:30,40.20,day_close,50.10,90.18,2023-02-09T15:20:00+05:30,0.10,day_close,696150.00,15210.00,100.00,15110.00,
0,2023-02-16,Thursday,TRADED,,2023-02-16,18096.60,18100,18100,0,18100,18100,50,6,300,0.88,33.10,59.58,2023-02-16T15:20:00+05:30,0.05,day_close,37.80,68.04,2023-02-16T15:20:00+05:30,62.75,day_close,705900.00,1830.00,100.00,1730.00,
0,2023-02-23,Thursday,TRADED,,2023-02-23,17551.80,17550,17550,0,17550,17550,50,6,300,0.86,51.20,92.16,2023-02-23T15:20:00+05:30,0.15,day_close,44.00,79.20,2023-02-23T09:33:00+05:30,79.20,sl,684450.00,4155.00,100.00,4055.00,
0,2023-03-02,Thursday,TRADED,,2023-03-02,17432.10,17450,17450,0,17450,17450,50,6,300,0.62,31.40,56.52,2023-03-02T15:20:00+05:30,0.10,day_close,50.35,90.63,2023-03-02T09:30:00+05:30,90.63,sl,680550.00,-3294.00,100.00,-3394.00,
0,2023-03-09,Thursday,TRADED,,2023-03-09,17768.10,17750,17750,0,17750,17750,50,6,300,0.63,45.25,81.45,2023-03-09T15:20:00+05:30,0.10,day_close,28.65,51.57,2023-03-09T09:27:00+05:30,51.57,sl,692250.00,6069.00,100.00,5969.00,
0,2023-03-16,Thursday,TRADED,,2023-03-16,16926.10,16950,16950,0,16950,16950,50,6,300,0.72,46.75,84.15,2023-03-16T10:42:00+05:30,84.15,sl,65.00,117.00,2023-03-16T15:20:00+05:30,0.10,day_close,661050.00,7650.00,100.00,7550.00,
0,2023-03-23,Thursday,TRADED,,2023-03-23,17078.10,17100,17100,0,17100,17100,50,6,300,0.63,40.75,73.35,2023-03-23T10:18:00+05:30,73.35,sl,64.75,116.55,2023-03-23T15:20:00+05:30,25.45,day_close,666900.00,1410.00,100.00,1310.00,
0,2023-03-29,Wednesday,TRADED,,2023-03-29,16997.20,17000,17000,0,17000,17000,50,6,300,0.94,45.70,82.26,2023-03-29T15:13:00+05:30,82.26,sl,43.10,77.58,2023-03-29T15:20:00+05:30,0.10,day_close,663000.00,1332.00,100.00,1232.00,
0,2023-04-06,Thursday,TRADED,,2023-04-06,17522.40,17500,17500,0,17500,17500,50,6,300,0.63,49.20,88.56,2023-04-06T10:05:00+05:30,88.56,sl,31.00,55.80,2023-04-06T15:20:00+05:30,0.10,day_close,682500.00,-3138.00,100.00,-3238.00,
0,2023-04-13,Thursday,TRADED,,2023-04-13,17789.80,17800,17800,0,17800,17800,50,6,300,0.68,30.10,54.18,2023-04-13T15:20:00+05:30,30.60,day_close,44.25,79.65,2023-04-13T15:20:00+05:30,0.05,day_close,694200.00,12510.00,100.00,12410.00,
0,2023-04-20,Thursday,TRADED,,2023-04-20,17653.10,17650,17650,0,17650,17650,50,6,300,0.86,36.30,65.34,2023-04-20T15:20:00+05:30,0.10,day_close,31.15,56.07,2023-04-20T10:29:00+05:30,56.07,sl,688350.00,2784.00,100.00,2684.00,
0,2023-04-27,Thursday,TRADED,,2023-04-27,17810.70,17800,17800,0,17800,17800,50,6,300,0.70,39.65,71.37,2023-04-27T13:22:00+05:30,71.37,sl,27.75,49.95,2023-04-27T15:20:00+05:30,0.10,day_close,694200.00,-1821.00,100.00,-1921.00,
0,2023-05-04,Thursday,TRADED,,2023-05-04,18099.30,18100,18100,0,18100,18100,50,6,300,0.93,34.95,62.91,2023-05-04T11:14:00+05:30,62.91,sl,37.40,67.32,2023-05-04T15:20:00+05:30,0.10,day_close,705900.00,2202.00,100.00,2102.00,
0,2023-05-11,Thursday,TRADED,,2023-05-11,18324.20,18300,18350,1,18350,18350,50,6,300,0.61,29.90,53.82,2023-05-11T15:20:00+05:30,0.15,day_close,49.05,88.29,2023-05-11T15:20:00+05:30,57.55,day_close,715650.00,5775.00,100.00,5675.00,
0,2023-05-18,Thursday,TRADED,,2023-05-18,18269.90,18250,18300,1,18300,18300,50,6,300,0.51,22.65,40.77,2023-05-18T15:20:00+05:30,0.10,day_close,44.70,80.46,2023-05-18T10:04:00+05:30,80.46,sl,713700.00,-4563.00,100.00,-4663.00,
0,2023-05-25,Thursday,TRADED,,2023-05-25,18292.30,18300,18300,0,18300,18300,50,6,300,0.82,33.40,60.12,2023-05-25T15:20:00+05:30,27.55,day_close,40.80,73.44,2023-05-25T11:18:00+05:30,73.44,sl,713700.00,-8637.00,100.00,-8737.00,
0,2023-06-01,Thursday,TRADED,,2023-06-01,18560.00,18550,18550,0,18550,18550,50,6,300,0.81,41.90,75.42,2023-06-01T15:20:00+05:30,0.10,day_close,34.10,61.38,2023-06-01T15:09:00+05:30,61.38,sl,723450.00,3756.00,100.00,3656.00,
0,2023-06-08,Thursday,TRADED,,2023-06-08,18745.20,18750,18750,0,18750,18750,50,6,300,0.75,29.40,52.92,2023-06-08T15:20:00+05:30,0.10,day_close,39.10,70.38,2023-06-08T12:01:00+05:30,70.38,sl,731250.00,-1194.00,100.00,-1294.00,
0,2023-06-15,Thursday,TRADED,,2023-06-15,18731.70,18750,18750,0,18750,18750,50,6,300,0.62,25.20,45.36,2023-06-15T10:04:00+05:30,45.36,sl,40.80,73.44,2023-06-15T14:49:00+05:30,73.44,sl,731250.00,-16440.00,100.00,-16540.00,
0,2023-06-22,Thursday,TRADED,,2023-06-22,18846.80,18850,18850,0,18850,18850,50,6,300,0.74,30.30,54.54,2023-06-22T15:20:00+05:30,0.05,day_close,41.10,73.98,2023-06-22T13:01:00+05:30,73.98,sl,735150.00,-1389.00,100.00,-1489.00,
0,2023-06-28,Wednesday,TRADED,,2023-06-28,18868.80,18850,18850,0,18850,18850,50,6,300,0.72,41.35,74.43,2023-06-28T10:40:00+05:30,74.43,sl,29.85,53.73,2023-06-28T15:20:00+05:30,0.10,day_close,735150.00,-1599.00,100.00,-1699.00,
0,2023-07-06,Thursday,TRADED,,2023-07-06,19400.90,19400,19400,0,19400,19400,50,6,300,0.85,41.95,75.51,2023-07-06T10:25:00+05:30,75.51,sl,49.25,88.65,2023-07-06T15:20:00+05:30,0.10,day_close,756600.00,4077.00,100.00,3977.00,
0,2023-07-13,Thursday,TRADED,,2023-07-13,19484.90,19500,19500,0,19500,19500,50,6,300,0.71,32.20,57.96,2023-07-13T09:49:00+05:30,57.96,sl,45.30,81.54,2023-07-13T14:44:00+05:30,81.54,sl,760500.00,-19200.00,100.00,-19300.00,
0,2023-07-20,Thursday,TRADED,,2023-07-20,19799.30,19800,19800,0,19800,19800,50,6,300,0.93,46.70,84.06,2023-07-20T12:07:00+05:30,84.06,sl,43.65,78.57,2023-07-20T15:20:00+05:30,0.15,day_close,772200.00,1242.00,100.00,1142.00,
0,2023-07-27,Thursday,TRADED,,2023-07-27,19857.30,19850,19850,0,19850,19850,50,6,300,0.67,53.20,95.76,2023-07-27T15:20:00+05:30,0.15,day_close,35.80,64.44,2023-07-27T09:58:00+05:30,64.44,sl,774150.00,6723.00,100.00,6623.00,
0,2023-08-03,Thursday,TRADED,,2023-08-03,19487.40,19500,19500,0,19500,19500,50,6,300,0.70,41.55,74.79,2023-08-03T15:20:00+05:30,0.20,day_close,59.20,106.56,2023-08-03T12:31:00+05:30,106.56,sl,760500.00,-2403.00,100.00,-2503.00,
0,2023-08-10,Thursday,TRADED,,2023-08-10,19576.20,19600,19550,-1,19550,19550,50,6,300,0.69,60.50,108.90,2023-08-10T15:20:00+05:30,0.05,day_close,41.75,75.15,2023-08-10T10:31:00+05:30,75.15,sl,762450.00,7515.00,100.00,7415.00,
0,2023-08-17,Thursday,TRADED,,2023-08-17,19446.10,19450,19450,0,19450,19450,50,6,300,0.77,36.85,66.33,2023-08-17T15:20:00+05:30,0.05,day_close,47.80,86.04,2023-08-17T10:00:00+05:30,86.04,sl,758550.00,-1032.00,100.00,-1132.00,
0,2023-08-24,Thursday,TRADED,,2023-08-24,19534.90,19550,19550,0,19550,19550,50,6,300,0.56,25.60,46.08,2023-08-24T15:20:00+05:30,0.10,day_close,45.45,81.81,2023-08-24T11:09:00+05:30,81.81,sl,762450.00,-3858.00,100.00,-3958.00,
0,2023-08-31,Thursday,TRADED,,2023-08-31,19375.70,19400,19350,-1,19350,19350,50,6,300,0.79,38.15,68.67,2023-08-31T15:20:00+05:30,0.05,day_close,30.05,54.09,2023-08-31T09:31:00+05:30,54.09,sl,754650.00,3618.00,100.00,3518.00,
0,2023-09-07,Thursday,TRADED,,2023-09-07,19576.40,19600,19550,-1,19550,19550,50,6,300,0.62,38.50,69.30,2023-09-07T10:39:00+05:30,69.30,sl,23.70,42.66,2023-09-07T15:20:00+05:30,0.10,day_close,762450.00,-2760.00,100.00,-2860.00,
0,2023-09-14,Thursday,TRADED,,2023-09-14,20131.50,20150,20100,-1,20100,20100,50,6,300,0.61,52.95,95.31,2023-09-14T15:09:00+05:30,3.15,last_bar_before_exit,32.55,58.59,2023-09-14T10:17:00+05:30,58.59,sl,783900.00,6528.00,100.00,6428.00,
0,2023-09-21,Thursday,TRADED,,2023-09-21,19821.90,19800,19800,0,19800,19800,50,6,300,0.78,42.30,76.14,2023-09-21T15:20:00+05:30,0.10,day_close,32.90,59.22,2023-09-21T09:49:00+05:30,59.22,sl,772200.00,4164.00,100.00,4064.00,
0,2023-09-28,Thursday,TRADED,,2023-09-28,19750.80,19750,19750,0,19750,19750,50,6,300,0.58,29.60,53.28,2023-09-28T15:20:00+05:30,0.10,day_close,51.25,92.25,2023-09-28T09:38:00+05:30,92.25,sl,770250.00,-4050.00,100.00,-4150.00,
0,2023-10-05,Thursday,TRADED,,2023-10-05,19536.90,19550,19550,0,19550,19550,50,6,300,0.51,23.05,41.49,2023-10-05T10:57:00+05:30,41.49,sl,45.45,81.81,2023-10-05T15:08:00+05:30,6.15,last_bar_before_exit,762450.00,5658.00,100.00,5558.00,
0,2023-10-12,Thursday,TRADED,,2023-10-12,19826.20,19850,19850,0,19850,19850,50,6,300,0.66,27.10,48.78,2023-10-12T15:20:00+05:30,0.10,day_close,40.80,73.44,2023-10-12T09:47:00+05:30,73.44,sl,774150.00,-2292.00,100.00,-2392.00,
0,2023-10-19,Thursday,TRADED,,2023-10-19,19539.00,19550,19550,0,19550,19550,50,6,300,0.92,35.05,63.09,2023-10-19T09:58:00+05:30,63.09,sl,32.25,58.05,2023-10-19T15:20:00+05:30,0.10,day_close,762450.00,633.00,100.00,533.00,
0,2023-10-26,Thursday,TRADED,,2023-10-26,19008.00,19000,19000,0,19000,19000,50,6,300,0.81,54.35,97.83,2023-10-26T15:20:00+05:30,0.15,day_close,43.90,79.02,2023-10-26T09:32:00+05:30,79.02,sl,741000.00,5124.00,100.00,5024.00,
0,2023-11-02,Thursday,TRADED,,2023-11-02,19142.80,19150,19150,0,19150,19150,50,6,300,0.69,30.25,54.45,2023-11-02T15:20:00+05:30,0.15,day_close,43.55,78.39,2023-11-02T11:42:00+05:30,78.39,sl,746850.00,-2022.00,100.00,-2122.00,
0,2023-11-09,Thursday,TRADED,,2023-11-09,19413.10,19400,19400,0,19400,19400,50,6,300,0.63,42.05,75.69,2023-11-09T15:20:00+05:30,0.35,day_close,26.60,47.88,2023-11-09T15:20:00+05:30,3.95,day_close,756600.00,18705.00,100.00,18605.00,
0,2023-11-16,Thursday,TRADED,,2023-11-16,19636.60,19650,19650,0,19650,19650,50,6,300,0.70,23.60,42.48,2023-11-16T09:37:00+05:30,42.48,sl,33.60,60.48,2023-11-16T15:20:00+05:30,0.10,day_close,766350.00,3786.00,100.00,3686.00,
0,2023-11-23,Thursday,TRADED,,2023-11-23,19840.30,19850,19850,0,19850,19850,50,6,300,0.99,31.00,55.80,2023-11-23T15:20:00+05:30,0.10,day_close,31.25,56.25,2023-11-23T10:26:00+05:30,56.25,sl,774150.00,1170.00,100.00,1070.00,
0,2023-11-30,Thursday,TRADED,,2023-11-30,20113.00,20100,20150,1,20150,20150,50,6,300,0.53,27.65,49.77,2023-11-30T15:20:00+05:30,0.15,day_close,52.05,93.69,2023-11-30T09:53:00+05:30,93.69,sl,785850.00,-4842.00,100.00,-4942.00,
0,2023-12-07,Thursday,TRADED,,2023-12-07,20866.20,20850,20850,0,20850,20850,50,6,300,0.63,52.10,93.78,2023-12-07T15:20:00+05:30,52.60,day_close,33.00,59.40,2023-12-07T15:20:00+05:30,0.10,day_close,813150.00,9120.00,100.00,9020.00,
0,2023-12-14,Thursday,TRADED,,2023-12-14,21108.80,21100,21100,0,21100,21100,50,6,300,0.85,29.25,52.65,2023-12-14T09:31:00+05:30,52.65,sl,34.35,61.83,2023-12-14T15:20:00+05:30,0.10,day_close,822900.00,2655.00,100.00,2555.00,
0,2023-12-21,Thursday,TRADED,,2023-12-21,21046.30,21050,21000,-1,21000,21000,50,6,300,0.72,83.85,150.93,2023-12-21T10:43:00+05:30,150.93,sl,60.40,108.72,2023-12-21T15:20:00+05:30,0.15,day_close,819000.00,-2649.00,100.00,-2749.00,
0,2023-12-28,Thursday,TRADED,,2023-12-28,21720.60,21700,21750,1,21750,21750,50,6,300,0.85,52.25,94.05,2023-12-28T15:20:00+05:30,24.50,day_close,61.65,110.97,2023-12-28T15:20:00+05:30,0.05,day_close,848250.00,26205.00,100.00,26105.00,
0,2024-01-04,Thursday,TRADED,,2024-01-04,21602.60,21600,21600,0,21600,21600,50,6,300,0.81,36.55,65.79,2024-01-04T15:20:00+05:30,53.60,day_close,45.05,81.09,2024-01-04T15:20:00+05:30,0.10,day_close,842400.00,7770.00,100.00,7670.00,
0,2024-01-11,Thursday,TRADED,,2024-01-11,21720.40,21700,21700,0,21700,21700,50,6,300,0.76,46.40,83.52,2024-01-11T15:20:00+05:30,0.10,day_close,35.35,63.63,2024-01-11T10:31:00+05:30,63.63,sl,846300.00,4806.00,100.00,4706.00,
0,2024-01-18,Thursday,TRADED,,2024-01-18,21445.10,21450,21450,0,21450,21450,50,6,300,0.76,49.15,88.47,2024-01-18T15:20:00+05:30,9.75,day_close,65.00,117.00,2024-01-18T09:47:00+05:30,117.35,gap_sl,836550.00,-4485.00,100.00,-4585.00,
0,2024-01-25,Thursday,TRADED,,2024-01-25,21411.50,21400,21400,0,21400,21400,50,6,300,0.75,78.45,141.21,2024-01-25T15:20:00+05:30,0.30,day_close,58.65,105.57,2024-01-25T10:20:00+05:30,105.57,sl,834600.00,8769.00,100.00,8669.00,
0,2024-02-01,Thursday,TRADED,,2024-02-01,21715.20,21700,21700,0,21700,21700,50,6,300,0.99,122.20,219.96,2024-02-01T15:20:00+05:30,1.15,day_close,123.35,222.03,2024-02-01T15:20:00+05:30,2.75,day_close,846300.00,71895.00,100.00,71795.00,
0,2024-02-08,Thursday,TRADED,,2024-02-08,21992.00,22000,22000,0,22000,22000,50,6,300,0.99,57.75,103.95,2024-02-08T15:20:00+05:30,0.10,day_close,57.10,102.78,2024-02-08T10:09:00+05:30,102.78,sl,858000.00,2991.00,100.00,2891.00,
0,2024-02-15,Thursday,TRADED,,2024-02-15,21892.20,21900,21900,0,21900,21900,50,6,300,0.94,57.90,104.22,2024-02-15T15:20:00+05:30,11.30,day_close,61.65,110.97,2024-02-15T09:44:00+05:30,110.97,sl,854100.00,-1416.00,100.00,-1516.00,
0,2024-02-22,Thursday,TRADED,,2024-02-22,22047.10,22050,22050,0,22050,22050,50,6,300,0.76,53.75,96.75,2024-02-22T14:49:00+05:30,96.75,sl,71.15,128.07,2024-02-22T09:34:00+05:30,128.07,sl,859950.00,-30576.00,100.00,-30676.00,
0,2024-02-29,Thursday,TRADED,,2024-02-29,21934.40,21950,21900,-1,21900,21900,50,6,300,0.73,88.95,160.11,2024-02-29T15:20:00+05:30,83.90,day_close,64.80,116.64,2024-02-29T10:16:00+05:30,116.64,sl,854100.00,-14637.00,100.00,-14737.00,
0,2024-03-07,Thursday,TRADED,,2024-03-07,22502.60,22500,22500,0,22500,22500,50,6,300,0.90,53.75,96.75,2024-03-07T15:20:00+05:30,0.25,day_close,59.90,107.82,2024-03-07T15:20:00+05:30,5.40,day_close,877500.00,31800.00,100.00,31700.00,
0,2024-03-14,Thursday,TRADED,,2024-03-14,21930.65,21950,21950,0,21950,21950,50,6,300,0.80,64.85,116.73,2024-03-14T09:34:00+05:30,116.73,sl,81.35,146.43,2024-03-14T15:20:00+05:30,0.10,day_close,856050.00,8211.00,100.00,8111.00,
0,2024-03-21,Thursday,TRADED,,2024-03-21,22003.40,22000,22000,0,22000,22000,50,6,300,0.91,49.35,88.83,2024-03-21T15:20:00+05:30,12.50,day_close,54.00,97.20,2024-03-21T15:20:00+05:30,0.10,day_close,858000.00,26625.00,100.00,26525.00,
0,2024-03-28,Thursday,TRADED,,2024-03-28,22190.65,22200,22200,0,22200,22200,50,6,300,0.88,47.95,86.31,2024-03-28T09:42:00+05:30,86.31,sl,42.10,75.78,2024-03-28T15:20:00+05:30,0.45,day_close,865800.00,387.00,100.00,287.00,
0,2024-04-04,Thursday,TRADED,,2024-04-04,22580.30,22600,22550,-1,22550,22550,50,6,300,0.78,55.80,100.44,2024-04-04T15:20:00+05:30,0.10,day_close,43.75,78.75,2024-04-04T09:29:00+05:30,78.75,sl,879450.00,5610.00,100.00,5510.00,
0,2024-04-10,Wednesday,TRADED,,2024-04-10,22697.50,22700,22700,0,22700,22700,50,6,300,0.75,46.05,82.89,2024-04-10T15:20:00+05:30,52.70,day_close,61.05,109.89,2024-04-10T15:20:00+05:30,0.20,day_close,885300.00,15660.00,100.00,15560.00,
0,2024-04-18,Thursday,TRADED,,2024-04-18,22246.30,22250,22250,0,22250,22250,50,6,300,0.80,39.40,70.92,2024-04-18T12:18:00+05:30,70.92,sl,49.25,88.65,2024-04-18T09:43:00+05:30,88.65,sl,867750.00,-21876.00,100.00,-21976.00,
0,2024-04-25,Thursday,TRADED,,2024-04-25,22340.10,22350,22350,0,22350,22350,50,6,300,0.77,44.40,79.92,2024-04-25T09:34:00+05:30,79.92,sl,57.40,103.32,2024-04-25T15:20:00+05:30,0.20,day_close,871650.00,5904.00,100.00,5804.00,
0,2024-05-02,Thursday,TRADED,,2024-05-02,22650.05,22650,22650,0,22650,22650,25,12,300,0.76,74.40,133.92,2024-05-02T15:20:00+05:30,0.90,day_close,56.65,101.97,2024-05-02T15:20:00+05:30,2.80,day_close,883350.00,37605.00,100.00,37505.00,
0,2024-05-09,Thursday,TRADED,,2024-05-09,22301.45,22300,22300,0,22300,22300,25,12,300,0.96,64.90,116.82,2024-05-09T15:20:00+05:30,0.10,day_close,67.30,121.14,2024-05-09T09:58:00+05:30,121.14,sl,869700.00,2688.00,100.00,2588.00,
0,2024-05-16,Thursday,TRADED,,2024-05-16,22292.70,22300,22300,0,22300,22300,25,12,300,0.70,49.60,89.28,2024-05-16T15:00:00+05:30,89.28,sl,70.85,127.53,2024-05-16T09:51:00+05:30,127.53,sl,869700.00,-29508.00,100.00,-29608.00,
0,2024-05-23,Thursday,TRADED,,2024-05-23,22596.95,22600,22600,0,22600,22600,25,12,300,0.87,68.80,123.84,2024-05-23T09:40:00+05:30,123.84,sl,59.90,107.82,2024-05-23T15:20:00+05:30,0.05,day_close,881400.00,843.00,100.00,743.00,
0,2024-05-30,Thursday,TRADED,,2024-05-30,22684.45,22700,22700,0,22700,22700,25,12,300,0.80,72.60,130.68,2024-05-30T15:20:00+05:30,0.05,day_close,90.70,163.26,2024-05-30T10:08:00+05:30,163.26,sl,885300.00,-603.00,100.00,-703.00,
0,2024-06-06,Thursday,TRADED,,2024-06-06,22716.35,22700,22700,0,22700,22700,25,12,300,0.90,112.70,202.86,2024-06-06T11:01:00+05:30,202.86,sl,125.25,225.45,2024-06-06T15:20:00+05:30,0.15,day_close,885300.00,9882.00,100.00,9782.00,
0,2024-06-13,Thursday,TRADED,,2024-06-13,23434.45,23450,23400,-1,23400,23400,25,12,300,0.67,76.80,138.24,2024-06-13T15:20:00+05:30,0.45,day_close,51.75,93.15,2024-06-13T15:20:00+05:30,2.15,day_close,912600.00,37185.00,100.00,37085.00,
0,2024-06-20,Thursday,TRADED,,2024-06-20,23504.15,23500,23500,0,23500,23500,25,12,300,0.79,68.65,123.57,2024-06-20T13:27:00+05:30,123.57,sl,86.75,156.15,2024-06-20T15:20:00+05:30,0.10,day_close,916500.00,8919.00,100.00,8819.00,
0,2024-06-27,Thursday,TRADED,,2024-06-27,23842.25,23850,23850,0,23850,23850,25,12,300,0.73,59.95,107.91,2024-06-27T10:00:00+05:30,108.05,gap_sl,81.70,147.06,2024-06-27T15:20:00+05:30,0.15,day_close,930150.00,9435.00,100.00,9335.00,
0,2024-07-04,Thursday,TRADED,,2024-07-04,24346.05,24350,24350,0,24350,24350,25,12,300,0.73,48.85,87.93,2024-07-04T15:20:00+05:30,0.10,day_close,66.80,120.24,2024-07-04T15:20:00+05:30,48.95,day_close,949650.00,19380.00,100.00,19280.00,
0,2024-07-11,Thursday,TRADED,,2024-07-11,24356.00,24350,24350,0,24350,24350,25,12,300,0.92,49.00,88.20,2024-07-11T15:20:00+05:30,0.10,day_close,53.40,96.12,2024-07-11T10:13:00+05:30,96.12,sl,949650.00,1254.00,100.00,1154.00,
0,2024-07-18,Thursday,TRADED,,2024-07-18,24567.30,24550,24550,0,24550,24550,25,12,300,0.68,62.85,113.13,2024-07-18T09:49:00+05:30,113.13,sl,42.45,76.41,2024-07-18T11:34:00+05:30,76.41,sl,957450.00,-25872.00,100.00,-25972.00,
0,2024-07-25,Thursday,TRADED,,2024-07-25,24235.15,24250,24200,-1,24200,24200,25,12,300,0.79,82.25,148.05,2024-07-25T11:48:00+05:30,148.05,sl,65.10,117.18,2024-07-25T15:20:00+05:30,0.10,day_close,943800.00,-840.00,100.00,-940.00,
0,2024-08-01,Thursday,TRADED,,2024-08-01,25052.90,25050,25050,0,25050,25050,25,12,300,0.90,64.75,116.55,2024-08-01T15:20:00+05:30,0.05,day_close,58.45,105.21,2024-08-01T15:20:00+05:30,38.35,day_close,976950.00,24840.00,100.00,24740.00,
0,2024-08-08,Thursday,TRADED,,2024-08-08,24220.85,24200,24200,0,24200,24200,25,12,300,0.81,101.80,183.24,2024-08-08T15:20:00+05:30,0.10,day_close,82.70,148.86,2024-08-08T10:09:00+05:30,148.86,sl,943800.00,10062.00,100.00,9962.00,
0,2024-08-14,Wednesday,TRADED,,2024-08-14,24149.20,24150,24150,0,24150,24150,25,12,300,0.98,63.65,114.57,2024-08-14T15:20:00+05:30,0.20,day_close,62.45,112.41,2024-08-14T15:20:00+05:30,6.30,day_close,941850.00,35280.00,100.00,35180.00,
0,2024-08-22,Thursday,TRADED,,2024-08-22,24826.40,24850,24800,-1,24800,24800,25,12,300,0.80,55.95,100.71,2024-08-22T15:20:00+05:30,8.90,day_close,44.70,80.46,2024-08-22T15:20:00+05:30,0.10,day_close,967200.00,26895.00,100.00,26795.00,
0,2024-08-29,Thursday,TRADED,,2024-08-29,25029.60,25050,25050,0,25050,25050,25,12,300,0.80,48.90,88.02,2024-08-29T09:51:00+05:30,88.02,sl,61.25,110.25,2024-08-29T15:20:00+05:30,0.25,day_close,976950.00,5964.00,100.00,5864.00,
0,2024-09-05,Thursday,TRADED,,2024-09-05,25241.15,25250,25250,0,25250,25250,25,12,300,0.70,44.65,80.37,2024-09-05T15:20:00+05:30,0.10,day_close,64.10,115.38,2024-09-05T10:33:00+05:30,115.38,sl,984750.00,-2619.00,100.00,-2719.00,
0,2024-09-12,Thursday,TRADED,,2024-09-12,25016.80,25000,25000,0,25000,25000,25,12,300,0.92,53.85,96.93,2024-09-12T14:01:00+05:30,96.93,sl,49.60,89.28,2024-09-12T11:25:00+05:30,89.28,sl,975000.00,-25428.00,100.00,-25528.00,
0,2024-09-19,Thursday,TRADED,,2024-09-19,25553.65,25550,25550,0,25550,25550,25,12,300,0.88,59.70,107.46,2024-09-19T15:20:00+05:30,0.10,day_close,52.65,94.77,2024-09-19T11:28:00+05:30,94.77,sl,996450.00,4644.00,100.00,4544.00,
0,2024-09-26,Thursday,TRADED,,2024-09-26,26033.15,26050,26050,0,26050,26050,25,12,300,0.98,64.25,115.65,2024-09-26T14:20:00+05:30,115.65,sl,65.40,117.72,2024-09-26T15:20:00+05:30,0.20,day_close,1015950.00,3540.00,100.00,3440.00,
0,2024-10-03,Thursday,TRADED,,2024-10-03,25530.00,25550,25500,-1,25500,25500,25,12,300,0.76,96.30,173.34,2024-10-03T09:35:00+05:30,173.34,sl,72.75,130.95,2024-10-03T11:34:00+05:30,130.95,sl,994500.00,-41172.00,100.00,-41272.00,
0,2024-10-10,Thursday,TRADED,,2024-10-10,25051.20,25050,25050,0,25050,25050,25,12,300,0.84,69.45,125.01,2024-10-10T15:20:00+05:30,0.15,day_close,82.55,148.59,2024-10-10T15:20:00+05:30,51.35,day_close,976950.00,29550.00,100.00,29450.00,
0,2024-10-17,Thursday,TRADED,,2024-10-17,24957.05,24950,24950,0,24950,24950,25,12,300,0.84,64.95,116.91,2024-10-17T15:20:00+05:30,0.10,day_close,54.50,98.10,2024-10-17T09:37:00+05:30,98.10,sl,973050.00,5775.00,100.00,5675.00,
0,2024-10-24,Thursday,TRADED,,2024-10-24,24435.45,24450,24450,0,24450,24450,25,12,300,0.90,69.70,125.46,2024-10-24T15:20:00+05:30,0.10,day_close,77.60,139.68,2024-10-24T15:20:00+05:30,49.25,day_close,953550.00,28785.00,100.00,28685.00,
0,2024-10-31,Thursday,TRADED,,2024-10-31,24308.95,24300,24300,0,24300,24300,25,12,300,0.84,73.65,132.57,2024-10-31T15:20:00+05:30,0.15,day_close,61.65,110.97,2024-10-31T12:50:00+05:30,110.97,sl,947700.00,6654.00,100.00,6554.00,
0,2024-11-07,Thursday,TRADED,,2024-11-07,24454.30,24450,24450,0,24450,24450,25,12,300,0.88,62.80,113.04,2024-11-07T15:20:00+05:30,0.10,day_close,71.65,128.97,2024-11-07T09:25:00+05:30,128.97,sl,953550.00,1014.00,100.00,914.00,
0,2024-11-14,Thursday,TRADED,,2024-11-14,23604.90,23600,23600,0,23600,23600,25,12,300,1.00,94.10,169.38,2024-11-14T15:20:00+05:30,0.20,day_close,93.70,168.66,2024-11-14T15:20:00+05:30,66.90,day_close,920400.00,35610.00,100.00,35510.00,
0,2024-11-21,Thursday,TRADED,,2024-11-21,23373.00,23350,23350,0,23350,23350,25,12,300,0.84,87.10,156.78,2024-11-21T15:20:00+05:30,0.30,day_close,103.35,186.03,2024-11-21T15:20:00+05:30,1.25,day_close,910650.00,56070.00,100.00,55970.00,
0,2024-11-28,Thursday,TRADED,,2024-11-28,24278.60,24300,24300,0,24300,24300,75,4,300,0.90,73.80,132.84,2024-11-28T15:20:00+05:30,0.20,day_close,81.55,146.79,2024-11-28T10:35:00+05:30,146.79,sl,947700.00,1908.00,100.00,1808.00,
0,2024-12-05,Thursday,TRADED,,2024-12-05,24497.70,24500,24500,0,24500,24500,75,4,300,0.83,99.35,178.83,2024-12-05T12:11:00+05:30,178.83,sl,119.90,215.82,2024-12-05T10:18:00+05:30,215.82,sl,955500.00,-53220.00,100.00,-53320.00,
0,2024-12-12,Thursday,TRADED,,2024-12-12,24648.95,24650,24650,0,24650,24650,75,4,300,0.69,33.10,59.58,2024-12-12T09:35:00+05:30,59.58,sl,47.85,86.13,2024-12-12T11:00:00+05:30,86.13,sl,961350.00,-20028.00,100.00,-20128.00,
0,2024-12-19,Thursday,TRADED,,2024-12-19,23919.50,23900,23900,0,23900,23900,75,4,300,0.77,98.70,177.66,2024-12-19T15:20:00+05:30,48.75,day_close,76.30,137.34,2024-12-19T15:20:00+05:30,0.15,day_close,932100.00,37230.00,100.00,37130.00,
0,2024-12-26,Thursday,TRADED,,2024-12-26,23836.55,23850,23850,0,23850,23850,75,4,300,0.97,63.65,114.57,2024-12-26T15:20:00+05:30,0.15,day_close,61.85,111.33,2024-12-26T10:07:00+05:30,111.33,sl,930150.00,3606.00,100.00,3506.00,
0,2025-01-02,Thursday,TRADED,,2025-01-02,23788.20,23800,23800,0,23800,23800,75,4,300,0.90,107.00,192.60,2025-01-02T10:51:00+05:30,192.60,sl,119.45,215.01,2025-01-02T15:20:00+05:30,0.15,day_close,928200.00,9510.00,100.00,9410.00,
0,2025-01-09,Thursday,TRADED,,2025-01-09,23616.55,23600,23600,0,23600,23600,75,4,300,0.94,53.40,96.12,2025-01-09T15:20:00+05:30,0.10,day_close,50.40,90.72,2025-01-09T10:47:00+05:30,90.72,sl,920400.00,3294.00,100.00,3194.00,
0,2025-01-16,Thursday,TRADED,,2025-01-16,23335.50,23350,23350,0,23350,23350,75,4,300,0.55,29.75,53.55,2025-01-16T15:20:00+05:30,0.10,day_close,54.35,97.83,2025-01-16T10:53:00+05:30,97.83,sl,910650.00,-4749.00,100.00,-4849.00,
0,2025-01-23,Thursday,TRADED,,2025-01-23,23108.10,23100,23100,0,23100,23100,75,4,300,0.69,56.90,102.42,2025-01-23T09:36:00+05:30,102.42,sl,39.15,70.47,2025-01-23T15:20:00+05:30,0.10,day_close,900900.00,-2541.00,100.00,-2641.00,
0,2025-01-30,Thursday,TRADED,,2025-01-30,23158.20,23150,23150,0,23150,23150,75,4,300,1.00,129.94,233.89,2025-01-30T15:20:00+05:30,93.60,day_close,130.35,234.63,2025-01-30T15:20:00+05:30,0.20,day_close,902850.00,49347.00,100.00,49247.00,
0,2025-02-06,Thursday,TRADED,,2025-02-06,23723.70,23700,23700,0,23700,23700,75,4,300,0.88,63.00,113.40,2025-02-06T15:20:00+05:30,0.10,day_close,55.75,100.35,2025-02-06T09:33:00+05:30,100.35,sl,924300.00,4890.00,100.00,4790.00,
0,2025-02-13,Thursday,TRADED,,2025-02-13,23081.45,23100,23100,0,23100,23100,75,4,300,0.92,72.95,131.31,2025-02-13T09:58:00+05:30,131.31,sl,79.45,143.01,2025-02-13T09:24:00+05:30,143.01,sl,900900.00,-37176.00,100.00,-37276.00,
0,2025-02-20,Thursday,TRADED,,2025-02-20,22857.20,22850,22850,0,22850,22850,75,4,300,0.80,81.30,146.34,2025-02-20T15:20:00+05:30,66.45,day_close,65.05,117.09,2025-02-20T15:20:00+05:30,0.10,day_close,891150.00,23340.00,100.00,23240.00,
0,2025-02-27,Thursday,TRADED,,2025-02-27,22579.40,22600,22600,0,22600,22600,75,4,300,0.83,29.05,52.29,2025-02-27T15:20:00+05:30,0.10,day_close,35.04,63.07,2025-02-27T09:38:00+05:30,63.07,sl,881400.00,-324.60,100.00,-424.60,
0,2025-03-06,Thursday,TRADED,,2025-03-06,22433.10,22450,22400,-1,22400,22400,75,4,300,0.67,58.40,105.12,2025-03-06T13:49:00+05:30,105.12,sl,39.25,70.65,2025-03-06T09:22:00+05:30,70.65,sl,873600.00,-24036.00,100.00,-24136.00,
0,2025-03-13,Thursday,TRADED,,2025-03-13,22485.00,22500,22450,-1,22450,22450,75,4,300,0.64,58.55,105.39,2025-03-13T10:02:00+05:30,105.39,sl,37.30,67.14,2025-03-13T11:40:00+05:30,67.14,sl,875550.00,-23604.00,100.00,-23704.00,
0,2025-03-20,Thursday,TRADED,,2025-03-20,23022.30,23000,23000,0,23000,23000,75,4,300,0.80,57.55,103.59,2025-03-20T09:29:00+05:30,103.59,sl,45.90,82.62,2025-03-20T15:20:00+05:30,0.15,day_close,897000.00,-687.00,100.00,-787.00,
0,2025-03-27,Thursday,TRADED,,2025-03-27,23507.80,23500,23500,0,23500,23500,75,4,300,0.76,80.80,145.44,2025-03-27T10:09:00+05:30,145.44,sl,61.65,110.97,2025-03-27T15:20:00+05:30,0.25,day_close,916500.00,-1572.00,100.00,-1672.00,
0,2025-04-03,Thursday,TRADED,,2025-04-03,23218.65,23200,23200,0,23200,23200,75,4,300,0.93,58.60,105.48,2025-04-03T10:24:00+05:30,105.48,sl,54.55,98.19,2025-04-03T15:20:00+05:30,0.15,day_close,904800.00,1656.00,100.00,1556.00,
0,2025-04-09,Wednesday,TRADED,,2025-04-09,22412.35,22400,22400,0,22400,22400,75,4,300,0.96,125.40,225.72,2025-04-09T15:20:00+05:30,0.20,day_close,130.40,234.72,2025-04-09T15:20:00+05:30,0.85,day_close,873600.00,75825.00,100.00,75725.00,
0,2025-04-17,Thursday,TRADED,,2025-04-17,23357.65,23350,23350,0,23350,23350,75,4,300,0.83,43.20,77.76,2025-04-17T09:43:00+05:30,77.76,sl,51.75,93.15,2025-04-17T09:29:00+05:30,93.15,sl,910650.00,-23388.00,100.00,-23488.00,
0,2025-04-24,Thursday,TRADED,,2025-04-24,24272.40,24250,24300,1,24300,24300,75,4,300,0.69,34.75,62.55,2025-04-24T09:35:00+05:30,62.55,sl,50.05,90.09,2025-04-24T15:20:00+05:30,52.20,day_close,947700.00,-9585.00,100.00,-9685.00,
0,2025-04-30,Wednesday,TRADED,,2025-04-30,24320.35,24300,24300,0,24300,24300,75,4,300,0.78,42.10,75.78,2025-04-30T09:48:00+05:30,75.78,sl,32.90,59.22,2025-04-30T15:20:00+05:30,0.35,day_close,947700.00,-939.00,100.00,-1039.00,
0,2025-05-08,Thursday,TRADED,,2025-05-08,24398.45,24400,24400,0,24400,24400,75,4,300,0.63,27.05,48.69,2025-05-08T15:20:00+05:30,0.10,day_close,43.00,77.40,2025-05-08T14:50:00+05:30,77.40,sl,951600.00,-2835.00,100.00,-2935.00,
0,2025-05-15,Thursday,TRADED,,2025-05-15,24620.00,24600,24600,0,24600,24600,75,4,300,0.93,77.25,139.05,2025-05-15T10:39:00+05:30,139.05,sl,72.00,129.60,2025-05-15T09:45:00+05:30,129.60,sl,959400.00,-36420.00,100.00,-36520.00,
0,2025-05-22,Thursday,TRADED,,2025-05-22,24644.70,24650,24600,-1,24600,24600,75,4,300,0.79,116.10,208.98,2025-05-22T15:20:00+05:30,8.75,day_close,91.55,164.79,2025-05-22T15:20:00+05:30,0.35,day_close,959400.00,58965.00,100.00,58865.00,
0,2025-05-29,Thursday,TRADED,,2025-05-29,24845.20,24850,24850,0,24850,24850,75,4,300,0.93,63.05,113.49,2025-05-29T15:20:00+05:30,1.00,day_close,58.60,105.48,2025-05-29T10:30:00+05:30,105.48,sl,969150.00,3951.00,100.00,3851.00,
0,2025-06-05,Thursday,TRADED,,2025-06-05,24625.55,24650,24600,-1,24600,24600,75,4,300,0.78,58.65,105.57,2025-06-05T09:25:00+05:30,105.57,sl,45.50,81.90,2025-06-05T15:20:00+05:30,0.05,day_close,959400.00,-1041.00,100.00,-1141.00,
0,2025-06-12,Thursday,TRADED,,2025-06-12,25164.90,25150,25150,0,25150,25150,75,4,300,0.93,55.10,99.18,2025-06-12T15:20:00+05:30,0.10,day_close,51.10,91.98,2025-06-12T09:43:00+05:30,91.98,sl,980850.00,3636.00,100.00,3536.00,
0,2025-06-19,Thursday,TRADED,,2025-06-19,24755.30,24750,24750,0,24750,24750,75,4,300,0.91,54.25,97.65,2025-06-19T09:25:00+05:30,97.65,sl,59.75,107.55,2025-06-19T15:20:00+05:30,0.15,day_close,965250.00,4260.00,100.00,4160.00,
0,2025-06-26,Thursday,TRADED,,2025-06-26,25282.75,25300,25300,0,25300,25300,75,4,300,0.87,51.90,93.42,2025-06-26T09:22:00+05:30,93.42,sl,59.95,107.91,2025-06-26T15:20:00+05:30,0.20,day_close,986700.00,4869.00,100.00,4769.00,
0,2025-07-03,Thursday,TRADED,,2025-07-03,25522.75,25500,25550,1,25550,25550,75,4,300,0.62,40.60,73.08,2025-07-03T13:40:00+05:30,73.08,sl,65.80,118.44,2025-07-03T09:24:00+05:30,118.44,sl,996450.00,-26136.00,100.00,-26236.00,
0,2025-07-10,Thursday,TRADED,,2025-07-10,25470.60,25450,25500,1,25500,25500,75,4,300,0.65,35.40,63.72,2025-07-10T15:20:00+05:30,0.10,day_close,54.20,97.56,2025-07-10T09:54:00+05:30,97.56,sl,994500.00,-3018.00,100.00,-3118.00,
0,2025-07-17,Thursday,TRADED,,2025-07-17,25216.60,25200,25200,0,25200,25200,75,4,300,0.59,52.70,94.86,2025-07-17T15:20:00+05:30,0.15,day_close,31.15,56.07,2025-07-17T10:09:00+05:30,56.07,sl,982800.00,7689.00,100.00,7589.00,
0,2025-07-24,Thursday,TRADED,,2025-07-24,25204.10,25200,25200,0,25200,25200,75,4,300,0.82,41.35,74.43,2025-07-24T15:20:00+05:30,0.10,day_close,34.10,61.38,2025-07-24T11:20:00+05:30,61.38,sl,982800.00,3591.00,100.00,3491.00,
0,2025-07-31,Thursday,TRADED,,2025-07-31,24680.35,24700,24650,-1,24650,24650,75,4,300,0.78,71.05,127.89,2025-07-31T11:03:00+05:30,127.89,sl,55.25,99.45,2025-07-31T15:20:00+05:30,0.20,day_close,961350.00,-1137.00,100.00,-1237.00,
0,2025-08-07,Thursday,TRADED,,2025-08-07,24519.20,24500,24500,0,24500,24500,75,4,300,0.76,63.00,113.40,2025-08-07T15:20:00+05:30,88.70,day_close,48.05,86.49,2025-08-07T10:31:00+05:30,86.49,sl,955500.00,-19842.00,100.00,-19942.00,
0,2025-08-14,Thursday,TRADED,,2025-08-14,24640.15,24650,24650,0,24650,24650,75,4,300,0.77,44.65,80.37,2025-08-14T15:20:00+05:30,0.15,day_close,57.65,103.77,2025-08-14T15:20:00+05:30,19.55,day_close,961350.00,24180.00,100.00,24080.00,
0,2025-08-21,Thursday,TRADED,,2025-08-21,25074.70,25050,25100,1,25100,25100,75,4,300,0.65,35.05,63.09,2025-08-21T10:05:00+05:30,63.09,sl,53.65,96.57,2025-08-21T15:20:00+05:30,17.15,day_close,978900.00,1938.00,100.00,1838.00,
0,2025-08-28,Thursday,TRADED,,2025-08-28,24575.55,24600,24600,0,24600,24600,75,4,300,0.64,41.10,73.98,2025-08-28T10:36:00+05:30,73.98,sl,64.15,115.47,2025-08-28T15:09:00+05:30,115.47,sl,959400.00,-25860.00,100.00,-25960.00,
0,2025-09-02,Tuesday,TRADED,,2025-09-02,24662.05,24650,24650,0,24650,24650,75,4,300,0.63,51.75,93.15,2025-09-02T09:53:00+05:30,93.15,sl,32.70,58.86,2025-09-02T13:55:00+05:30,58.86,sl,961350.00,-20868.00,100.00,-20968.00,
0,2025-09-09,Tuesday,TRADED,,2025-09-09,24851.85,24850,24850,0,24850,24850,75,4,300,0.91,48.80,87.84,2025-09-09T15:20:00+05:30,16.35,day_close,44.30,79.74,2025-09-09T15:20:00+05:30,0.10,day_close,969150.00,22395.00,100.00,22295.00,
0,2025-09-16,Tuesday,TRADED,,2025-09-16,25107.25,25100,25100,0,25100,25100,75,4,300,0.86,41.25,74.25,2025-09-16T09:53:00+05:30,74.25,sl,35.45,63.81,2025-09-16T15:20:00+05:30,0.10,day_close,978900.00,105.00,100.00,5.00,
0,2025-09-23,Tuesday,TRADED,,2025-09-23,25224.95,25200,25250,1,25250,25250,75,4,300,0.71,33.95,61.11,2025-09-23T15:20:00+05:30,0.10,day_close,48.10,86.58,2025-09-23T09:30:00+05:30,86.58,sl,984750.00,-1989.00,100.00,-2089.00,
0,2025-09-30,Tuesday,TRADED,,2025-09-30,24712.55,24700,24750,1,24750,24750,75,4,300,0.66,41.85,75.33,2025-09-30T15:20:00+05:30,0.10,day_close,63.10,113.58,2025-09-30T09:40:00+05:30,113.58,sl,965250.00,-3219.00,100.00,-3319.00,
0,2025-10-07,Tuesday,TRADED,,2025-10-07,25083.70,25100,25100,0,25100,25100,75,4,300,0.82,45.35,81.63,2025-10-07T09:47:00+05:30,81.63,sl,55.40,99.72,2025-10-07T15:20:00+05:30,0.30,day_close,978900.00,5046.00,100.00,4946.00,
0,2025-10-14,Tuesday,TRADED,,2025-10-14,25290.75,25300,25300,0,25300,25300,75,4,300,0.89,52.30,94.14,2025-10-14T15:20:00+05:30,0.10,day_close,46.65,83.97,2025-10-14T09:44:00+05:30,83.97,sl,986700.00,3864.00,100.00,3764.00,
0,2025-10-20,Monday,TRADED,,2025-10-20,25903.25,25900,25950,1,25950,25950,75,4,300,0.64,43.15,77.67,2025-10-20T15:20:00+05:30,0.10,day_close,67.60,121.68,2025-10-20T09:25:00+05:30,121.68,sl,1012050.00,-3909.00,100.00,-4009.00,
0,2025-10-28,Tuesday,TRADED,,2025-10-28,25968.05,25950,26000,1,26000,26000,75,4,300,0.83,62.15,111.87,2025-10-28T15:20:00+05:30,0.30,day_close,75.00,135.00,2025-10-28T10:31:00+05:30,135.00,sl,1014000.00,-45.00,100.00,-145.00,
0,2025-11-04,Tuesday,TRADED,,2025-11-04,25754.60,25750,25750,0,25750,25750,75,4,300,0.87,64.25,115.65,2025-11-04T15:20:00+05:30,0.15,day_close,56.00,100.80,2025-11-04T11:25:00+05:30,100.80,sl,1004250.00,5190.00,100.00,5090.00,
0,2025-11-11,Tuesday,TRADED,,2025-11-11,25544.65,25550,25550,0,25550,25550,75,4,300,0.90,61.05,109.89,2025-11-11T13:48:00+05:30,109.89,sl,55.00,99.00,2025-11-11T10:36:00+05:30,99.00,sl,996450.00,-28452.00,100.00,-28552.00,
0,2025-11-18,Tuesday,TRADED,,2025-11-18,25946.10,25950,25950,0,25950,25950,75,4,300,0.88,54.85,98.73,2025-11-18T15:20:00+05:30,0.10,day_close,62.30,112.14,2025-11-18T15:20:00+05:30,41.00,day_close,1012050.00,22215.00,100.00,22115.00,
0,2025-11-25,Tuesday,TRADED,,2025-11-25,25963.75,25950,25950,0,25950,25950,75,4,300,0.75,63.00,113.40,2025-11-25T15:20:00+05:30,0.10,day_close,46.95,84.51,2025-11-25T15:02:00+05:30,84.51,sl,1012050.00,7002.00,100.00,6902.00,
0,2025-12-02,Tuesday,TRADED,,2025-12-02,26141.55,26150,26150,0,26150,26150,75,4,300,1.00,50.95,91.71,2025-12-02T15:20:00+05:30,0.05,day_close,51.10,91.98,2025-12-02T09:49:00+05:30,91.98,sl,1019850.00,2406.00,100.00,2306.00,
0,2025-12-09,Tuesday,TRADED,,2025-12-09,25819.60,25800,25850,1,25850,25850,75,4,300,0.73,47.10,84.78,2025-12-09T12:22:00+05:30,84.78,sl,64.90,116.82,2025-12-09T09:47:00+05:30,116.82,sl,1008150.00,-27480.00,100.00,-27580.00,
0,2025-12-16,Tuesday,TRADED,,2025-12-16,25938.35,25950,25950,0,25950,25950,75,4,300,0.81,45.60,82.08,2025-12-16T15:20:00+05:30,0.05,day_close,56.50,101.70,2025-12-16T15:20:00+05:30,93.55,day_close,1012050.00,1950.00,100.00,1850.00,
0,2025-12-23,Tuesday,TRADED,,2025-12-23,26166.65,26150,26150,0,26150,26150,75,4,300,0.74,54.35,97.83,2025-12-23T15:20:00+05:30,26.55,day_close,40.00,72.00,2025-12-23T15:20:00+05:30,0.10,day_close,1019850.00,19710.00,100.00,19610.00,
0,2025-12-30,Tuesday,TRADED,,2025-12-30,25908.65,25900,25900,0,25900,25900,75,4,300,0.86,42.20,75.96,2025-12-30T09:55:00+05:30,75.96,sl,36.10,64.98,2025-12-30T15:20:00+05:30,0.10,day_close,1010100.00,72.00,100.00,-28.00,
0,2026-01-06,Tuesday,TRADED,,2026-01-06,26194.95,26200,26200,0,26200,26200,65,5,325,0.85,47.45,85.41,2026-01-06T10:00:00+05:30,85.41,sl,40.54,72.97,2026-01-06T15:20:00+05:30,23.15,day_close,1106950.00,-7335.25,100.00,-7435.25,
0,2026-01-13,Tuesday,TRADED,,2026-01-13,25845.75,25850,25850,0,25850,25850,65,5,325,0.74,51.60,92.88,2026-01-13T15:20:00+05:30,0.15,day_close,69.84,125.71,2026-01-13T09:30:00+05:30,125.71,sl,1092162.50,-2087.15,100.00,-2187.15,
0,2026-01-20,Tuesday,TRADED,,2026-01-20,25559.30,25550,25550,0,25550,25550,65,5,325,0.91,58.20,104.76,2026-01-20T15:20:00+05:30,0.20,day_close,53.05,95.49,2026-01-20T09:27:00+05:30,95.49,sl,1079487.50,4407.00,100.00,4307.00,
0,2026-01-27,Tuesday,TRADED,,2026-01-27,25007.50,25000,25050,1,25050,25050,65,5,325,0.82,92.50,166.50,2026-01-27T09:47:00+05:30,166.50,sl,113.35,204.03,2026-01-27T15:20:00+05:30,0.05,day_close,1058362.50,12122.50,100.00,12022.50,
0,2026-02-03,Tuesday,TRADED,,2026-02-03,25811.10,25800,25800,0,25800,25800,65,5,325,0.99,152.30,274.14,2026-02-03T15:20:00+05:30,0.15,day_close,153.70,276.66,2026-02-03T15:20:00+05:30,68.00,day_close,1090050.00,76651.25,100.00,76551.25,
0,2026-02-10,Tuesday,TRADED,,2026-02-10,25918.10,25900,25900,0,25900,25900,65,5,325,0.67,60.55,108.99,2026-02-10T15:20:00+05:30,33.30,day_close,40.50,72.90,2026-02-10T15:20:00+05:30,0.15,day_close,1094275.00,21320.00,100.00,21220.00,
0,2026-02-17,Tuesday,TRADED,,2026-02-17,25610.45,25600,25600,0,25600,25600,65,5,325,0.96,49.20,88.56,2026-02-17T09:53:00+05:30,88.56,sl,51.45,92.61,2026-02-17T15:20:00+05:30,0.10,day_close,1081600.00,3246.75,100.00,3146.75,
0,2026-02-24,Tuesday,TRADED,,2026-02-24,25571.25,25550,25550,0,25550,25550,65,5,325,0.73,77.25,139.05,2026-02-24T15:20:00+05:30,0.15,day_close,56.30,101.34,2026-02-24T09:43:00+05:30,101.34,sl,1079487.50,9769.50,100.00,9669.50,
0,2026-03-02,Monday,TRADED,,2026-03-02,24893.10,24900,24900,0,24900,24900,65,5,325,0.93,105.45,189.81,2026-03-02T15:20:00+05:30,0.60,day_close,113.05,203.49,2026-03-02T12:38:00+05:30,203.49,sl,1052025.00,4033.25,100.00,3933.25,
0,2026-03-10,Tuesday,TRADED,,2026-03-10,24150.70,24150,24150,0,24150,24150,65,5,325,0.97,95.70,172.26,2026-03-10T14:09:00+05:30,172.26,sl,92.75,166.95,2026-03-10T15:20:00+05:30,0.05,day_close,1020337.50,4595.50,100.00,4495.50,
0,2026-03-17,Tuesday,TRADED,,2026-03-17,23393.20,23400,23400,0,23400,23400,65,5,325,0.81,73.20,131.76,2026-03-17T09:58:00+05:30,131.76,sl,90.05,162.09,2026-03-17T15:20:00+05:30,0.10,day_close,988650.00,9551.75,100.00,9451.75,
0,2026-03-24,Tuesday,TRADED,,2026-03-24,22789.80,22800,22800,0,22800,22800,65,5,325,0.91,110.10,198.18,2026-03-24T12:42:00+05:30,198.18,sl,120.90,217.62,2026-03-24T10:37:00+05:30,217.62,sl,963300.00,-60710.00,100.00,-60810.00,
0,2026-04-28,Tuesday,TRADED,,2026-04-28,24094.75,24100,24100,0,24100,24100,65,5,325,0.77,51.70,93.06,2026-04-28T15:20:00+05:30,0.10,day_close,67.05,120.69,2026-04-28T12:32:00+05:30,120.69,sl,1018225.00,-1313.00,100.00,-1413.00,
0,2026-05-05,Tuesday,SKIPPED,no_priceable_pair,2026-05-05,24062.05,24050,,,,,65,5,325,,,,,,,,,,,,,,,,
0,2026-05-12,Tuesday,SKIPPED,no_priceable_pair,2026-05-12,23737.80,23750,,,,,65,5,325,,,,,,,,,,,,,,,,
0,2026-05-19,Tuesday,TRADED,,2026-05-19,23736.45,23750,23750,0,23750,23750,65,5,325,0.73,59.85,107.73,2026-05-19T15:20:00+05:30,0.05,day_close,81.85,147.33,2026-05-19T15:20:00+05:30,126.60,day_close,1003437.50,4241.25,100.00,4141.25,
0,2026-05-26,Tuesday,TRADED,,2026-05-26,24011.55,24000,24000,0,24000,24000,65,5,325,0.75,66.55,119.79,2026-05-26T15:20:00+05:30,0.10,day_close,49.70,89.46,2026-05-26T14:01:00+05:30,89.46,sl,1014000.00,8024.25,100.00,7924.25,
0,2026-06-02,Tuesday,TRADED,,2026-06-02,23285.65,23300,23300,0,23300,23300,65,5,325,0.85,56.70,102.06,2026-06-02T10:27:00+05:30,102.06,sl,66.80,120.24,2026-06-02T15:20:00+05:30,0.05,day_close,984425.00,6301.75,100.00,6201.75,
0,2026-06-09,Tuesday,SKIPPED,no_priceable_pair,2026-06-09,23233.30,23250,,,,,65,5,325,,,,,,,,,,,,,,,,
0,2026-06-16,Tuesday,TRADED,,2026-06-16,23932.80,23950,23950,0,23950,23950,65,5,325,0.71,45.05,81.09,2026-06-16T15:20:00+05:30,37.10,day_close,63.90,115.02,2026-06-16T15:20:00+05:30,0.10,day_close,1011887.50,22668.75,100.00,22568.75,
100,2020-01-02,Thursday,TRADED,,2020-01-02,12216.80,12200,12200,0,12300,12100,75,4,300,0.60,1.25,2.25,2020-01-02T12:16:00+05:30,2.25,sl,0.75,1.35,2020-01-02T15:20:00+05:30,0.05,day_close,477900.00,-690.00,100.00,-790.00,
100,2020-01-09,Thursday,TRADED,,2020-01-09,12162.40,12150,12150,0,12250,12050,75,4,300,0.54,3.40,6.12,2020-01-09T15:20:00+05:30,0.05,day_close,1.85,3.33,2020-01-09T15:20:00+05:30,0.10,day_close,475950.00,930.00,100.00,830.00,
100,2020-01-16,Thursday,TRADED,,2020-01-16,12372.50,12350,12350,0,12450,12250,75,4,300,0.76,0.65,1.17,2020-01-16T15:20:00+05:30,0.05,day_close,0.85,1.53,2020-01-16T11:13:00+05:30,1.53,sl,483750.00,-624.00,100.00,-724.00,
100,2020-01-23,Thursday,TRADED,,2020-01-23,12117.20,12100,12100,0,12200,12000,75,4,300,0.41,2.55,4.59,2020-01-23T09:34:00+05:30,4.59,sl,1.05,1.89,2020-01-23T15:20:00+05:30,0.05,day_close,474000.00,-912.00,100.00,-1012.00,
100,2020-01-30,Thursday,TRADED,,2020-01-30,12095.00,12100,12100,0,12200,12000,75,4,300,0.57,2.25,4.05,2020-01-30T15:20:00+05:30,0.05,day_close,3.95,7.11,2020-01-30T10:10:00+05:30,7.11,sl,474000.00,-888.00,100.00,-988.00,
100,2020-02-06,Thursday,TRADED,,2020-02-06,12128.00,12150,12100,-1,12200,12000,75,4,300,0.39,5.60,10.08,2020-02-06T15:20:00+05:30,0.10,day_close,2.20,3.96,2020-02-06T15:20:00+05:30,0.05,day_close,474000.00,1695.00,100.00,1595.00,
100,2020-02-13,Thursday,TRADED,,2020-02-13,12183.30,12200,12200,0,12300,12100,75,4,300,0.25,0.80,1.44,2020-02-13T15:20:00+05:30,0.05,day_close,3.25,5.85,2020-02-13T15:20:00+05:30,0.05,day_close,477900.00,585.00,100.00,485.00,
100,2020-02-20,Thursday,TRADED,,2020-02-20,12113.00,12100,12100,0,12200,12000,75,4,300,0.69,1.60,2.88,2020-02-20T15:20:00+05:30,0.10,day_close,1.10,1.98,2020-02-20T15:20:00+05:30,0.05,day_close,474000.00,165.00,100.00,65.00,
100,2020-02-27,Thursday,TRADED,,2020-02-27,11633.70,11650,11650,0,11750,11550,75,4,300,0.49,2.40,4.32,2020-02-27T15:20:00+05:30,0.05,day_close,4.85,8.73,2020-02-27T09:32:00+05:30,8.73,sl,456450.00,-1059.00,100.00,-1159.00,
100,2020-03-05,Thursday,TRADED,,2020-03-05,11311.90,11300,11300,0,11400,11200,75,4,300,0.82,11.15,20.07,2020-03-05T15:20:00+05:30,0.10,day_close,13.55,24.39,2020-03-05T09:56:00+05:30,24.39,sl,442800.00,-537.00,100.00,-637.00,
100,2020-03-12,Thursday,TRADED,,2020-03-12,9994.25,10000,10000,0,10100,9900,75,4,300,0.66,27.80,50.04,2020-03-12T15:20:00+05:30,0.15,day_close,42.00,75.60,2020-03-12T10:05:00+05:30,75.60,sl,392100.00,-2385.00,100.00,-2485.00,
100,2020-03-19,Thursday,TRADED,,2020-03-19,7963.75,7950,7900,-1,8000,7800,75,4,300,0.85,102.50,184.50,2020-03-19T11:01:00+05:30,184.50,sl,121.05,217.89,2020-03-19T15:20:00+05:30,0.15,day_close,310200.00,11070.00,100.00,10970.00,
100,2020-03-26,Thursday,TRADED,,2020-03-26,8336.40,8350,8300,-1,8400,8200,75,4,300,0.91,86.15,155.07,2020-03-26T09:28:00+05:30,155.07,sl,94.40,169.92,2020-03-26T15:20:00+05:30,0.45,day_close,325800.00,6909.00,100.00,6809.00,
100,2020-04-01,Wednesday,TRADED,,2020-04-01,8508.15,8500,8450,-1,8550,8350,75,4,300,0.72,53.35,96.03,2020-04-01T15:20:00+05:30,0.05,day_close,38.60,69.48,2020-04-01T09:51:00+05:30,69.48,sl,331650.00,6126.00,100.00,6026.00,
100,2020-04-09,Thursday,TRADED,,2020-04-09,8969.80,8950,8950,0,9050,8850,75,4,300,0.97,47.70,85.86,2020-04-09T15:20:00+05:30,57.70,day_close,46.30,83.34,2020-04-09T15:20:00+05:30,0.15,day_close,351150.00,10245.00,100.00,10145.00,
100,2020-04-16,Thursday,TRADED,,2020-04-16,8830.60,8850,8800,-1,8900,8700,75,4,300,0.72,41.70,75.06,2020-04-16T09:39:00+05:30,75.06,sl,29.90,53.82,2020-04-16T15:20:00+05:30,0.05,day_close,345300.00,-1653.00,100.00,-1753.00,
100,2020-04-23,Thursday,TRADED,,2020-04-23,9219.05,9200,9200,0,9300,9100,75,4,300,0.79,16.90,30.42,2020-04-23T12:19:00+05:30,30.42,sl,21.40,38.52,2020-04-23T15:20:00+05:30,0.15,day_close,360900.00,1719.00,100.00,1619.00,
100,2020-04-30,Thursday,TRADED,,2020-04-30,9749.40,9750,9750,0,9850,9650,75,4,300,0.44,6.85,12.33,2020-04-30T09:26:00+05:30,12.33,sl,15.45,27.81,2020-04-30T15:20:00+05:30,0.10,day_close,382350.00,2361.00,100.00,2261.00,
100,2020-05-07,Thursday,TRADED,,2020-05-07,9211.00,9200,9200,0,9300,9100,75,4,300,0.76,18.00,32.40,2020-05-07T09:24:00+05:30,32.40,sl,23.55,42.39,2020-05-07T15:20:00+05:30,0.05,day_close,360900.00,2130.00,100.00,2030.00,
100,2020-05-14,Thursday,TRADED,,2020-05-14,9237.85,9250,9250,0,9350,9150,75,4,300,0.88,12.65,22.77,2020-05-14T15:20:00+05:30,0.05,day_close,14.45,26.01,2020-05-14T10:24:00+05:30,26.01,sl,362850.00,-288.00,100.00,-388.00,
100,2020-05-21,Thursday,TRADED,,2020-05-21,9100.80,9100,9100,0,9200,9000,75,4,300,0.69,5.55,9.99,2020-05-21T15:20:00+05:30,0.05,day_close,8.05,14.49,2020-05-21T15:20:00+05:30,0.05,day_close,357000.00,3450.00,100.00,3350.00,
100,2020-05-28,Thursday,TRADED,,2020-05-28,9386.15,9400,9400,0,9500,9300,75,4,300,0.42,5.00,9.00,2020-05-28T11:07:00+05:30,9.00,sl,12.00,21.60,2020-05-28T15:20:00+05:30,0.10,day_close,368700.00,1770.00,100.00,1670.00,
100,2020-06-04,Thursday,TRADED,,2020-06-04,10109.00,10100,10100,0,10200,10000,75,4,300,0.71,10.00,18.00,2020-06-04T15:20:00+05:30,0.10,day_close,14.10,25.38,2020-06-04T09:33:00+05:30,25.38,sl,396000.00,-1014.00,100.00,-1114.00,
100,2020-06-11,Thursday,TRADED,,2020-06-11,10059.90,10050,10050,0,10150,9950,75,4,300,0.84,13.95,25.11,2020-06-11T15:20:00+05:30,0.10,day_close,11.65,20.97,2020-06-11T12:25:00+05:30,20.97,sl,394050.00,759.00,100.00,659.00,
100,2020-06-18,Thursday,TRADED,,2020-06-18,9867.05,9850,9850,0,9950,9750,75,4,300,0.58,9.40,16.92,2020-06-18T10:15:00+05:30,16.92,sl,16.25,29.25,2020-06-18T15:20:00+05:30,0.10,day_close,386250.00,1989.00,100.00,1889.00,
100,2020-06-25,Thursday,TRADED,,2020-06-25,10220.80,10200,10200,0,10300,10100,75,4,300,0.65,13.40,24.12,2020-06-25T09:30:00+05:30,24.12,sl,20.50,36.90,2020-06-25T15:20:00+05:30,0.05,day_close,399900.00,2319.00,100.00,2219.00,
100,2020-07-02,Thursday,TRADED,,2020-07-02,10512.60,10500,10500,0,10600,10400,75,4,300,0.75,8.70,15.66,2020-07-02T12:45:00+05:30,15.66,sl,11.65,20.97,2020-07-02T15:20:00+05:30,0.05,day_close,411600.00,792.00,100.00,692.00,
100,2020-07-09,Thursday,TRADED,,2020-07-09,10754.20,10750,10750,0,10850,10650,75,4,300,0.67,7.80,14.04,2020-07-09T15:20:00+05:30,0.15,day_close,11.65,20.97,2020-07-09T15:20:00+05:30,0.05,day_close,421350.00,5175.00,100.00,5075.00,
100,2020-07-16,Thursday,TRADED,,2020-07-16,10624.00,10600,10600,0,10700,10500,75,4,300,0.80,12.80,23.04,2020-07-16T15:00:00+05:30,23.04,sl,10.20,18.36,2020-07-16T15:20:00+05:30,0.10,day_close,415500.00,-642.00,100.00,-742.00,
100,2020-07-23,Thursday,TRADED,,2020-07-23,11163.80,11150,11150,0,11250,11050,75,4,300,0.62,4.25,7.65,2020-07-23T11:00:00+05:30,7.65,sl,6.80,12.24,2020-07-23T15:20:00+05:30,0.10,day_close,436950.00,390.00,100.00,290.00,
100,2020-07-30,Thursday,TRADED,,2020-07-30,11268.50,11250,11250,0,11350,11150,75,4,300,0.76,5.40,9.72,2020-07-30T15:20:00+05:30,0.05,day_close,4.10,7.38,2020-07-30T12:57:00+05:30,7.38,sl,440850.00,21.00,100.00,-79.00,
100,2020-08-06,Thursday,TRADED,,2020-08-06,11161.70,11150,11150,0,11250,11050,75,4,300,0.72,9.85,17.73,2020-08-06T10:19:00+05:30,17.73,sl,13.70,24.66,2020-08-06T12:02:00+05:30,24.66,sl,436950.00,-6252.00,100.00,-6352.00,
100,2020-08-13,Thursday,TRADED,,2020-08-13,11352.50,11350,11350,0,11450,11250,75,4,300,0.61,3.45,6.21,2020-08-13T15:20:00+05:30,0.05,day_close,5.65,10.17,2020-08-13T11:40:00+05:30,10.85,gap_sl,444750.00,-1140.00,100.00,-1240.00,
100,2020-08-20,Thursday,TRADED,,2020-08-20,11321.80,11300,11300,0,11400,11200,75,4,300,0.84,5.50,9.90,2020-08-20T15:20:00+05:30,0.10,day_close,4.60,8.28,2020-08-20T15:20:00+05:30,0.05,day_close,442800.00,2385.00,100.00,2285.00,
100,2020-08-27,Thursday,TRADED,,2020-08-27,11600.30,11600,11550,-1,11650,11450,75,4,300,0.42,7.20,12.96,2020-08-27T15:20:00+05:30,0.10,day_close,3.05,5.49,2020-08-27T15:20:00+05:30,0.10,day_close,452550.00,2415.00,100.00,2315.00,
100,2020-09-03,Thursday,TRADED,,2020-09-03,11562.50,11550,11550,0,11650,11450,75,4,300,0.87,4.75,8.55,2020-09-03T15:20:00+05:30,0.05,day_close,4.15,7.47,2020-09-03T11:35:00+05:30,7.47,sl,452550.00,-186.00,100.00,-286.00,
100,2020-09-10,Thursday,TRADED,,2020-09-10,11346.30,11350,11350,0,11450,11250,75,4,300,0.33,1.40,2.52,2020-09-10T10:43:00+05:30,2.52,sl,4.20,7.56,2020-09-10T15:20:00+05:30,0.05,day_close,444750.00,309.00,100.00,209.00,
100,2020-09-17,Thursday,TRADED,,2020-09-17,11557.40,11550,11550,0,11650,11450,75,4,300,0.48,2.45,4.41,2020-09-17T15:20:00+05:30,0.10,day_close,5.10,9.18,2020-09-17T15:20:00+05:30,0.10,day_close,452550.00,1605.00,100.00,1505.00,
100,2020-09-24,Thursday,TRADED,,2020-09-24,10988.10,11000,11000,0,11100,10900,75,4,300,0.90,7.45,13.41,2020-09-24T15:20:00+05:30,0.05,day_close,8.25,14.85,2020-09-24T09:23:00+05:30,14.85,sl,431100.00,-360.00,100.00,-460.00,
100,2020-10-01,Thursday,TRADED,,2020-10-01,11369.20,11350,11350,0,11450,11250,75,4,300,0.75,3.25,5.85,2020-10-01T10:04:00+05:30,5.85,sl,2.45,4.41,2020-10-01T15:20:00+05:30,0.10,day_close,444750.00,-675.00,100.00,-775.00,
100,2020-10-08,Thursday,TRADED,,2020-10-08,11842.90,11850,11850,0,11950,11750,75,4,300,0.37,2.25,4.05,2020-10-08T15:20:00+05:30,0.10,day_close,6.10,10.98,2020-10-08T15:20:00+05:30,0.05,day_close,464250.00,1860.00,100.00,1760.00,
100,2020-10-15,Thursday,TRADED,,2020-10-15,11951.20,11950,11950,0,12050,11850,75,4,300,0.91,5.80,10.44,2020-10-15T15:20:00+05:30,0.05,day_close,6.35,11.43,2020-10-15T09:34:00+05:30,11.43,sl,468150.00,-399.00,100.00,-499.00,
100,2020-10-22,Thursday,TRADED,,2020-10-22,11934.00,11950,11900,-1,12000,11800,75,4,300,0.67,18.60,33.48,2020-10-22T15:20:00+05:30,0.15,day_close,12.50,22.50,2020-10-22T09:30:00+05:30,22.50,sl,466200.00,1935.00,100.00,1835.00,
100,2020-10-29,Thursday,TRADED,,2020-10-29,11616.00,11600,11600,0,11700,11500,75,4,300,0.86,21.60,38.88,2020-10-29T10:00:00+05:30,38.88,sl,18.60,33.48,2020-10-29T15:20:00+05:30,0.10,day_close,454500.00,-234.00,100.00,-334.00,
100,2020-11-05,Thursday,TRADED,,2020-11-05,12052.60,12050,12050,0,12150,11950,75,4,300,0.75,11.60,20.88,2020-11-05T15:20:00+05:30,0.10,day_close,15.50,27.90,2020-11-05T15:20:00+05:30,0.10,day_close,472050.00,7470.00,100.00,7370.00,
100,2020-11-12,Thursday,TRADED,,2020-11-12,12722.80,12700,12700,0,12800,12600,75,4,300,0.51,21.00,37.80,2020-11-12T15:20:00+05:30,0.15,day_close,10.65,19.17,2020-11-12T12:20:00+05:30,19.17,sl,497400.00,3099.00,100.00,2999.00,
100,2020-11-19,Thursday,TRADED,,2020-11-19,12889.70,12900,12850,-1,12950,12750,75,4,300,0.40,9.25,16.65,2020-11-19T09:41:00+05:30,16.65,sl,3.70,6.66,2020-11-19T14:20:00+05:30,6.66,sl,503250.00,-3708.00,100.00,-3808.00,
100,2020-11-26,Thursday,TRADED,,2020-11-26,12877.00,12900,12850,-1,12950,12750,75,4,300,0.71,17.50,31.50,2020-11-26T15:08:00+05:30,31.50,sl,12.45,22.41,2020-11-26T09:48:00+05:30,22.41,sl,503250.00,-7788.00,100.00,-7888.00,
100,2020-12-03,Thursday,TRADED,,2020-12-03,13173.60,13150,13150,0,13250,13050,75,4,300,0.75,8.70,15.66,2020-12-03T15:20:00+05:30,0.05,day_close,11.60,20.88,2020-12-03T15:20:00+05:30,0.10,day_close,514950.00,5445.00,100.00,5345.00,
100,2020-12-10,Thursday,TRADED,,2020-12-10,13479.40,13500,13450,-1,13550,13350,75,4,300,0.60,14.60,26.28,2020-12-10T15:20:00+05:30,0.10,day_close,8.75,15.75,2020-12-10T09:36:00+05:30,15.75,sl,526650.00,1650.00,100.00,1550.00,
100,2020-12-17,Thursday,TRADED,,2020-12-17,13696.20,13700,13650,-1,13750,13550,75,4,300,0.61,12.35,22.23,2020-12-17T13:30:00+05:30,22.23,sl,7.50,13.50,2020-12-17T15:20:00+05:30,0.10,day_close,534450.00,-1344.00,100.00,-1444.00,
100,2020-12-24,Thursday,TRADED,,2020-12-24,13684.20,13700,13650,-1,13750,13550,75,4,300,0.57,8.70,15.66,2020-12-24T10:13:00+05:30,15.66,sl,4.95,8.91,2020-12-24T11:13:00+05:30,8.91,sl,534450.00,-3876.00,100.00,-3976.00,
100,2020-12-31,Thursday,TRADED,,2020-12-31,13966.90,13950,13950,0,14050,13850,75,4,300,0.98,10.70,19.26,2020-12-31T15:20:00+05:30,0.10,day_close,10.95,19.71,2020-12-31T15:20:00+05:30,0.10,day_close,546150.00,5835.00,100.00,5735.00,
100,2021-01-07,Thursday,TRADED,,2021-01-07,14234.90,14250,14200,-1,14300,14100,75,4,300,0.58,11.70,21.06,2021-01-07T15:20:00+05:30,0.10,day_close,6.80,12.24,2021-01-07T10:30:00+05:30,12.24,sl,555900.00,1248.00,100.00,1148.00,
100,2021-01-14,Thursday,TRADED,,2021-01-14,14542.70,14550,14550,0,14650,14450,75,4,300,0.54,7.60,13.68,2021-01-14T15:20:00+05:30,0.05,day_close,14.15,25.47,2021-01-14T09:37:00+05:30,25.47,sl,569550.00,-1731.00,100.00,-1831.00,
100,2021-01-21,Thursday,TRADED,,2021-01-21,14725.50,14750,14700,-1,14800,14600,75,4,300,0.94,5.25,9.45,2021-01-21T15:20:00+05:30,0.05,day_close,4.95,8.91,2021-01-21T14:50:00+05:30,8.91,sl,575400.00,-228.00,100.00,-328.00,
100,2021-01-28,Thursday,TRADED,,2021-01-28,13833.00,13850,13800,-1,13900,13700,75,4,300,0.64,30.50,54.90,2021-01-28T15:20:00+05:30,0.25,day_close,19.50,35.10,2021-01-28T13:06:00+05:30,35.10,sl,540300.00,3795.00,100.00,3695.00,
100,2021-02-04,Thursday,TRADED,,2021-02-04,14770.20,14750,14750,0,14850,14650,75,4,300,0.91,20.00,36.00,2021-02-04T12:30:00+05:30,36.00,sl,22.05,39.69,2021-02-04T15:20:00+05:30,0.10,day_close,577350.00,1185.00,100.00,1085.00,
100,2021-02-11,Thursday,TRADED,,2021-02-11,15092.60,15100,15050,-1,15150,14950,75,4,300,0.65,27.60,49.68,2021-02-11T09:46:00+05:30,49.68,sl,18.00,32.40,2021-02-11T15:20:00+05:30,0.10,day_close,589050.00,-1854.00,100.00,-1954.00,
100,2021-02-18,Thursday,TRADED,,2021-02-18,15227.10,15250,15200,-1,15300,15100,75,4,300,0.96,13.70,24.66,2021-02-18T15:20:00+05:30,0.10,day_close,13.20,23.76,2021-02-18T11:45:00+05:30,23.76,sl,594900.00,312.00,100.00,212.00,
100,2021-02-25,Thursday,TRADED,,2021-02-25,15146.10,15150,15150,0,15250,15050,75,4,300,0.72,14.40,25.92,2021-02-25T15:20:00+05:30,0.10,day_close,20.10,36.18,2021-02-25T15:20:00+05:30,0.20,day_close,592950.00,9660.00,100.00,9560.00,
100,2021-03-04,Thursday,TRADED,,2021-03-04,15062.20,15050,15050,0,15150,14950,75,4,300,0.66,24.40,43.92,2021-03-04T11:17:00+05:30,43.92,sl,36.70,66.06,2021-03-04T15:20:00+05:30,0.20,day_close,589050.00,4494.00,100.00,4394.00,
100,2021-03-10,Wednesday,TRADED,,2021-03-10,15194.50,15200,15200,0,15300,15100,75,4,300,0.67,11.00,19.80,2021-03-10T15:20:00+05:30,0.10,day_close,16.35,29.43,2021-03-10T12:03:00+05:30,29.43,sl,594900.00,-1254.00,100.00,-1354.00,
100,2021-03-18,Thursday,TRADED,,2021-03-18,14837.00,14850,14800,-1,14900,14700,75,4,300,0.36,31.50,56.70,2021-03-18T15:20:00+05:30,0.15,day_close,11.30,20.34,2021-03-18T13:07:00+05:30,20.34,sl,579300.00,6093.00,100.00,5993.00,
100,2021-03-25,Thursday,TRADED,,2021-03-25,14481.40,14500,14450,-1,14550,14350,75,4,300,0.62,33.10,59.58,2021-03-25T15:20:00+05:30,0.20,day_close,20.60,37.08,2021-03-25T09:46:00+05:30,37.08,sl,565650.00,4326.00,100.00,4226.00,
100,2021-04-01,Thursday,TRADED,,2021-04-01,14808.80,14800,14800,0,14900,14700,75,4,300,1.00,18.30,32.94,2021-04-01T15:20:00+05:30,0.20,day_close,18.35,33.03,2021-04-01T10:30:00+05:30,33.03,sl,579300.00,426.00,100.00,326.00,
100,2021-04-08,Thursday,TRADED,,2021-04-08,14928.80,14950,14900,-1,15000,14800,75,4,300,0.83,15.75,28.35,2021-04-08T15:20:00+05:30,0.15,day_close,13.10,23.58,2021-04-08T15:20:00+05:30,0.10,day_close,583200.00,7980.00,100.00,7880.00,
100,2021-04-15,Thursday,TRADED,,2021-04-15,14544.00,14550,14550,0,14650,14450,75,4,300,0.73,17.70,31.86,2021-04-15T15:20:00+05:30,0.15,day_close,24.40,43.92,2021-04-15T09:36:00+05:30,43.92,sl,569550.00,-1191.00,100.00,-1291.00,
100,2021-04-22,Thursday,TRADED,,2021-04-22,14163.30,14150,14150,0,14250,14050,75,4,300,0.81,23.55,42.39,2021-04-22T09:40:00+05:30,42.39,sl,28.90,52.02,2021-04-22T15:20:00+05:30,0.10,day_close,553950.00,2388.00,100.00,2288.00,
100,2021-04-29,Thursday,TRADED,,2021-04-29,15033.00,15050,15000,-1,15100,14900,75,4,300,0.70,21.95,39.51,2021-04-29T15:20:00+05:30,0.05,day_close,15.40,27.72,2021-04-29T09:47:00+05:30,27.72,sl,587100.00,2274.00,100.00,2174.00,
100,2021-05-06,Thursday,TRADED,,2021-05-06,14646.70,14650,14650,0,14750,14550,75,4,300,0.63,13.00,23.40,2021-05-06T15:20:00+05:30,0.15,day_close,20.60,37.08,2021-05-06T15:20:00+05:30,0.05,day_close,573450.00,9420.00,100.00,9320.00,
100,2021-05-12,Wednesday,TRADED,,2021-05-12,14798.40,14800,14800,0,14900,14700,75,4,300,0.68,10.70,19.26,2021-05-12T15:20:00+05:30,0.10,day_close,15.75,28.35,2021-05-12T09:36:00+05:30,28.35,sl,579300.00,-1200.00,100.00,-1300.00,
100,2021-05-20,Thursday,TRADED,,2021-05-20,15053.50,15050,15050,0,15150,14950,75,4,300,0.67,8.25,14.85,2021-05-20T15:20:00+05:30,0.15,day_close,12.25,22.05,2021-05-20T09:27:00+05:30,22.05,sl,589050.00,-1110.00,100.00,-1210.00,
100,2021-05-27,Thursday,TRADED,,2021-05-27,15300.40,15300,15300,0,15400,15200,75,4,300,0.57,8.25,14.85,2021-05-27T11:33:00+05:30,14.85,sl,14.45,26.01,2021-05-27T15:20:00+05:30,0.15,day_close,598800.00,1710.00,100.00,1610.00,
100,2021-06-03,Thursday,TRADED,,2021-06-03,15659.30,15650,15650,0,15750,15550,75,4,300,0.61,5.45,9.81,2021-06-03T15:20:00+05:30,0.10,day_close,9.00,16.20,2021-06-03T15:20:00+05:30,0.10,day_close,612450.00,3675.00,100.00,3575.00,
100,2021-06-10,Thursday,TRADED,,2021-06-10,15688.40,15700,15650,-1,15750,15550,75,4,300,0.65,12.15,21.87,2021-06-10T12:00:00+05:30,21.87,sl,7.90,14.22,2021-06-10T15:20:00+05:30,0.15,day_close,612450.00,-1191.00,100.00,-1291.00,
100,2021-06-17,Thursday,TRADED,,2021-06-17,15683.30,15700,15650,-1,15750,15550,75,4,300,0.53,15.80,28.44,2021-06-17T10:33:00+05:30,28.44,sl,8.45,15.21,2021-06-17T15:20:00+05:30,0.05,day_close,612450.00,-1872.00,100.00,-1972.00,
100,2021-06-24,Thursday,TRADED,,2021-06-24,15731.50,15750,15700,-1,15800,15600,75,4,300,0.82,14.80,26.64,2021-06-24T13:14:00+05:30,26.64,sl,12.20,21.96,2021-06-24T15:20:00+05:30,0.05,day_close,614400.00,-507.00,100.00,-607.00,
100,2021-07-01,Thursday,TRADED,,2021-07-01,15724.20,15700,15750,1,15850,15650,75,4,300,0.46,4.35,7.83,2021-07-01T15:20:00+05:30,0.10,day_close,9.50,17.10,2021-07-01T10:52:00+05:30,17.10,sl,616350.00,-1605.00,100.00,-1705.00,
100,2021-07-08,Thursday,TRADED,,2021-07-08,15870.70,15850,15850,0,15950,15750,75,4,300,0.96,6.05,10.89,2021-07-08T15:20:00+05:30,0.15,day_close,6.30,11.34,2021-07-08T12:09:00+05:30,11.34,sl,620250.00,-342.00,100.00,-442.00,
100,2021-07-15,Thursday,TRADED,,2021-07-15,15877.20,15900,15850,-1,15950,15750,75,4,300,0.60,4.20,7.56,2021-07-15T09:50:00+05:30,7.56,sl,7.05,12.69,2021-07-15T15:20:00+05:30,0.10,day_close,620250.00,477.00,100.00,377.00,
100,2021-07-22,Thursday,TRADED,,2021-07-22,15753.00,15750,15750,0,15850,15650,75,4,300,0.98,4.45,8.01,2021-07-22T12:10:00+05:30,8.01,sl,4.55,8.19,2021-07-22T15:20:00+05:30,0.10,day_close,616350.00,-333.00,100.00,-433.00,
100,2021-07-29,Thursday,TRADED,,2021-07-29,15772.60,15750,15750,0,15850,15650,75,4,300,0.75,7.35,13.23,2021-07-29T15:20:00+05:30,0.05,day_close,5.50,9.90,2021-07-29T09:31:00+05:30,9.90,sl,616350.00,270.00,100.00,170.00,
100,2021-08-05,Thursday,TRADED,,2021-08-05,16267.50,16250,16250,0,16350,16150,75,4,300,0.71,6.30,11.34,2021-08-05T12:51:00+05:30,11.34,sl,8.85,15.93,2021-08-05T09:31:00+05:30,15.93,sl,635850.00,-4236.00,100.00,-4336.00,
100,2021-08-12,Thursday,TRADED,,2021-08-12,16323.80,16300,16300,0,16400,16200,75,4,300,0.96,5.80,10.44,2021-08-12T13:31:00+05:30,10.44,sl,6.05,10.89,2021-08-12T15:20:00+05:30,0.15,day_close,637800.00,-222.00,100.00,-322.00,
100,2021-08-18,Wednesday,TRADED,,2021-08-18,16675.10,16700,16650,-1,16750,16550,75,4,300,0.91,6.40,11.52,2021-08-18T15:20:00+05:30,0.10,day_close,7.05,12.69,2021-08-18T12:50:00+05:30,12.69,sl,651450.00,-402.00,100.00,-502.00,
100,2021-08-26,Thursday,TRADED,,2021-08-26,16619.80,16600,16600,0,16700,16500,75,4,300,0.97,7.55,13.59,2021-08-26T09:29:00+05:30,13.59,sl,7.80,14.04,2021-08-26T15:20:00+05:30,0.05,day_close,649500.00,-87.00,100.00,-187.00,
100,2021-09-02,Thursday,TRADED,,2021-09-02,17111.80,17100,17100,0,17200,17000,75,4,300,0.65,7.75,13.95,2021-09-02T12:15:00+05:30,13.95,sl,11.95,21.51,2021-09-02T15:20:00+05:30,0.15,day_close,669000.00,1080.00,100.00,980.00,
100,2021-09-09,Thursday,TRADED,,2021-09-09,17345.10,17350,17300,-1,17400,17200,75,4,300,0.47,13.30,23.94,2021-09-09T15:20:00+05:30,0.15,day_close,6.25,11.25,2021-09-09T15:20:00+05:30,0.10,day_close,676800.00,5190.00,100.00,5090.00,
100,2021-09-16,Thursday,TRADED,,2021-09-16,17567.80,17550,17550,0,17650,17450,75,4,300,0.81,4.75,8.55,2021-09-16T15:20:00+05:30,0.10,day_close,5.90,10.62,2021-09-16T09:57:00+05:30,10.62,sl,686550.00,-621.00,100.00,-721.00,
100,2021-09-23,Thursday,TRADED,,2021-09-23,17656.50,17650,17650,0,17750,17550,75,4,300,0.88,8.75,15.75,2021-09-23T10:00:00+05:30,15.75,sl,9.90,17.82,2021-09-23T15:20:00+05:30,0.15,day_close,690450.00,225.00,100.00,125.00,
100,2021-09-30,Thursday,TRADED,,2021-09-30,17689.20,17700,17700,0,17800,17600,75,4,300,0.65,15.25,27.45,2021-09-30T15:20:00+05:30,0.10,day_close,23.45,42.21,2021-09-30T13:21:00+05:30,42.21,sl,692400.00,-1683.00,100.00,-1783.00,
100,2021-10-07,Thursday,TRADED,,2021-10-07,17790.90,17800,17800,0,17900,17700,50,6,300,0.74,9.55,17.19,2021-10-07T15:20:00+05:30,0.05,day_close,12.85,23.13,2021-10-07T15:20:00+05:30,0.05,day_close,696300.00,6090.00,100.00,5990.00,
100,2021-10-14,Thursday,TRADED,,2021-10-14,18284.60,18300,18250,-1,18350,18150,50,6,300,0.96,9.50,17.10,2021-10-14T15:20:00+05:30,0.30,day_close,9.10,16.38,2021-10-14T15:20:00+05:30,0.15,day_close,713850.00,4845.00,100.00,4745.00,
100,2021-10-21,Thursday,TRADED,,2021-10-21,18339.50,18350,18350,0,18450,18250,50,6,300,0.57,12.40,22.32,2021-10-21T15:20:00+05:30,0.10,day_close,21.80,39.24,2021-10-21T09:32:00+05:30,39.24,sl,717750.00,-2142.00,100.00,-2242.00,
100,2021-10-28,Thursday,TRADED,,2021-10-28,18141.70,18150,18150,0,18250,18050,50,6,300,0.68,18.05,32.49,2021-10-28T15:20:00+05:30,0.20,day_close,26.60,47.88,2021-10-28T10:44:00+05:30,47.88,sl,709950.00,-1629.00,100.00,-1729.00,
100,2021-11-03,Wednesday,TRADED,,2021-11-03,17968.70,17950,17950,0,18050,17850,50,6,300,1.00,17.15,30.87,2021-11-03T15:20:00+05:30,0.20,day_close,17.20,30.96,2021-11-03T12:16:00+05:30,30.96,sl,702150.00,357.00,100.00,257.00,
100,2021-11-11,Thursday,TRADED,,2021-11-11,17951.60,17950,17950,0,18050,17850,50,6,300,0.85,15.60,28.08,2021-11-11T15:20:00+05:30,0.15,day_close,18.45,33.21,2021-11-11T10:02:00+05:30,33.21,sl,702150.00,-393.00,100.00,-493.00,
100,2021-11-18,Thursday,TRADED,,2021-11-18,17934.90,17950,17900,-1,18000,17800,50,6,300,0.64,19.60,35.28,2021-11-18T15:20:00+05:30,0.10,day_close,12.55,22.59,2021-11-18T09:29:00+05:30,22.59,sl,700200.00,2238.00,100.00,2138.00,
100,2021-11-25,Thursday,TRADED,,2021-11-25,17440.80,17450,17400,-1,17500,17300,50,6,300,0.85,23.60,42.48,2021-11-25T11:20:00+05:30,42.48,sl,20.10,36.18,2021-11-25T10:02:00+05:30,36.18,sl,680700.00,-11088.00,100.00,-11188.00,
100,2021-12-02,Thursday,TRADED,,2021-12-02,17226.30,17250,17200,-1,17300,17100,50,6,300,0.92,26.30,47.34,2021-12-02T11:19:00+05:30,47.34,sl,28.50,51.30,2021-12-02T15:20:00+05:30,0.10,day_close,672900.00,1608.00,100.00,1508.00,
100,2021-12-09,Thursday,TRADED,,2021-12-09,17505.70,17500,17500,0,17600,17400,50,6,300,0.91,15.30,27.54,2021-12-09T15:20:00+05:30,0.10,day_close,16.90,30.42,2021-12-09T09:24:00+05:30,30.42,sl,684600.00,-96.00,100.00,-196.00,
100,2021-12-16,Thursday,TRADED,,2021-12-16,17344.00,17350,17350,0,17450,17250,50,6,300,0.71,14.50,26.10,2021-12-16T15:20:00+05:30,0.10,day_close,20.35,36.63,2021-12-16T09:34:00+05:30,36.63,sl,678750.00,-1164.00,100.00,-1264.00,
100,2021-12-23,Thursday,TRADED,,2021-12-23,17036.90,17050,17050,0,17150,16950,50,6,300,0.56,10.30,18.54,2021-12-23T09:44:00+05:30,18.54,sl,18.50,33.30,2021-12-23T15:20:00+05:30,0.05,day_close,667050.00,2463.00,100.00,2363.00,
100,2021-12-30,Thursday,TRADED,,2021-12-30,17205.00,17200,17200,0,17300,17100,50,6,300,0.55,9.45,17.01,2021-12-30T15:20:00+05:30,0.10,day_close,17.30,31.14,2021-12-30T15:20:00+05:30,0.15,day_close,672900.00,7350.00,100.00,7250.00,
100,2022-01-06,Thursday,TRADED,,2022-01-06,17747.00,17750,17750,0,17850,17650,50,6,300,0.67,12.15,21.87,2022-01-06T15:20:00+05:30,0.05,day_close,18.10,32.58,2022-01-06T09:33:00+05:30,32.58,sl,694350.00,-1314.00,100.00,-1414.00,
100,2022-01-13,Thursday,TRADED,,2022-01-13,18238.80,18250,18200,-1,18300,18100,50,6,300,0.54,18.20,32.76,2022-01-13T15:20:00+05:30,0.10,day_close,9.85,17.73,2022-01-13T15:20:00+05:30,0.15,day_close,711900.00,7740.00,100.00,7640.00,
100,2022-01-20,Thursday,TRADED,,2022-01-20,17913.10,17900,17900,0,18000,17800,50,6,300,0.79,14.35,25.83,2022-01-20T15:20:00+05:30,0.10,day_close,11.30,20.34,2022-01-20T09:25:00+05:30,20.34,sl,700200.00,963.00,100.00,863.00,
100,2022-01-27,Thursday,TRADED,,2022-01-27,16985.30,17000,16950,-1,17050,16850,50,6,300,0.97,56.00,100.80,2022-01-27T14:34:00+05:30,100.80,sl,54.60,98.28,2022-01-27T15:20:00+05:30,0.05,day_close,663150.00,2325.00,100.00,2225.00,
100,2022-02-03,Thursday,TRADED,,2022-02-03,17750.70,17750,17750,0,17850,17650,50,6,300,0.91,12.80,23.04,2022-02-03T15:20:00+05:30,0.10,day_close,14.00,25.20,2022-02-03T09:45:00+05:30,25.20,sl,694350.00,-150.00,100.00,-250.00,
100,2022-02-10,Thursday,TRADED,,2022-02-10,17501.20,17500,17500,0,17600,17400,50,6,300,0.97,17.05,30.69,2022-02-10T11:02:00+05:30,30.69,sl,17.50,31.50,2022-02-10T09:37:00+05:30,31.50,sl,684600.00,-8892.00,100.00,-8992.00,
100,2022-02-17,Thursday,TRADED,,2022-02-17,17422.10,17400,17400,0,17500,17300,50,6,300,0.91,20.75,37.35,2022-02-17T15:20:00+05:30,0.05,day_close,18.85,33.93,2022-02-17T09:28:00+05:30,34.15,gap_sl,680700.00,1020.00,100.00,920.00,
100,2022-02-24,Thursday,TRADED,,2022-02-24,16674.00,16650,16650,0,16750,16550,50,6,300,0.99,69.55,125.19,2022-02-24T15:20:00+05:30,0.15,day_close,69.00,124.20,2022-02-24T09:46:00+05:30,124.20,sl,651450.00,3660.00,100.00,3560.00,
100,2022-03-03,Thursday,TRADED,,2022-03-03,16723.30,16700,16700,0,16800,16600,50,6,300,1.00,35.20,63.36,2022-03-03T15:20:00+05:30,0.10,day_close,35.05,63.09,2022-03-03T10:06:00+05:30,63.09,sl,653400.00,1518.00,100.00,1418.00,
100,2022-03-10,Thursday,TRADED,,2022-03-10,16679.10,16700,16650,-1,16750,16550,50,6,300,0.77,41.10,73.98,2022-03-10T15:20:00+05:30,0.10,day_close,31.80,57.24,2022-03-10T13:51:00+05:30,57.24,sl,651450.00,4068.00,100.00,3968.00,
100,2022-03-17,Thursday,TRADED,,2022-03-17,17219.10,17200,17200,0,17300,17100,50,6,300,0.95,31.15,56.07,2022-03-17T12:36:00+05:30,56.50,gap_sl,29.50,53.10,2022-03-17T15:20:00+05:30,0.05,day_close,672900.00,630.00,100.00,530.00,
100,2022-03-24,Thursday,TRADED,,2022-03-24,17156.90,17150,17150,0,17250,17050,50,6,300,0.98,27.85,50.13,2022-03-24T09:51:00+05:30,50.13,sl,28.40,51.12,2022-03-24T15:20:00+05:30,0.10,day_close,670950.00,1206.00,100.00,1106.00,
100,2022-03-31,Thursday,TRADED,,2022-03-31,17533.80,17550,17500,-1,17600,17400,50,6,300,0.73,19.40,34.92,2022-03-31T15:20:00+05:30,0.05,day_close,14.25,25.65,2022-03-31T15:20:00+05:30,0.10,day_close,684600.00,9450.00,100.00,9350.00,
100,2022-04-07,Thursday,TRADED,,2022-04-07,17736.40,17750,17750,0,17850,17650,50,6,300,0.65,9.90,17.82,2022-04-07T15:20:00+05:30,0.05,day_close,15.15,27.27,2022-04-07T14:16:00+05:30,27.27,sl,694350.00,-1281.00,100.00,-1381.00,
100,2022-04-13,Wednesday,TRADED,,2022-04-13,17622.90,17600,17600,0,17700,17500,50,6,300,0.64,11.75,21.15,2022-04-13T15:20:00+05:30,0.10,day_close,7.55,13.59,2022-04-13T10:03:00+05:30,13.59,sl,688500.00,1083.00,100.00,983.00,
100,2022-04-21,Thursday,TRADED,,2022-04-21,17245.90,17250,17200,-1,17300,17100,50,6,300,0.51,17.85,32.13,2022-04-21T11:01:00+05:30,32.13,sl,9.10,16.38,2022-04-21T15:20:00+05:30,0.05,day_close,672900.00,-2169.00,100.00,-2269.00,
100,2022-04-28,Thursday,TRADED,,2022-04-28,17121.30,17100,17100,0,17200,17000,50,6,300,0.60,21.25,38.25,2022-04-28T12:59:00+05:30,38.25,sl,12.65,22.77,2022-04-28T15:20:00+05:30,0.10,day_close,669000.00,-1935.00,100.00,-2035.00,
100,2022-05-05,Thursday,TRADED,,2022-05-05,16824.10,16800,16800,0,16900,16700,50,6,300,0.62,29.35,52.83,2022-05-05T10:06:00+05:30,52.83,sl,18.10,32.58,2022-05-05T09:23:00+05:30,32.58,sl,657300.00,-11988.00,100.00,-12088.00,
100,2022-05-12,Thursday,TRADED,,2022-05-12,15961.30,15950,15950,0,16050,15850,50,6,300,0.87,33.25,59.85,2022-05-12T15:20:00+05:30,0.10,day_close,29.00,52.20,2022-05-12T09:30:00+05:30,52.20,sl,624150.00,2385.00,100.00,2285.00,
100,2022-05-19,Thursday,TRADED,,2022-05-19,15925.00,15900,15900,0,16000,15800,50,6,300,0.99,34.80,62.64,2022-05-19T15:20:00+05:30,0.10,day_close,35.00,63.00,2022-05-19T15:20:00+05:30,1.75,day_close,622200.00,19785.00,100.00,19685.00,
100,2022-05-26,Thursday,TRADED,,2022-05-26,16087.10,16100,16050,-1,16150,15950,50,6,300,0.63,32.60,58.68,2022-05-26T15:20:00+05:30,17.25,day_close,20.40,36.72,2022-05-26T10:27:00+05:30,36.72,sl,628050.00,-891.00,100.00,-991.00,
100,2022-06-02,Thursday,TRADED,,2022-06-02,16460.80,16450,16450,0,16550,16350,50,6,300,0.82,20.15,36.27,2022-06-02T09:27:00+05:30,36.27,sl,24.50,44.10,2022-06-02T15:20:00+05:30,0.10,day_close,643650.00,1884.00,100.00,1784.00,
100,2022-06-09,Thursday,TRADED,,2022-06-09,16285.00,16300,16250,-1,16350,16150,50,6,300,0.57,22.70,40.86,2022-06-09T10:21:00+05:30,40.86,sl,12.90,23.22,2022-06-09T15:20:00+05:30,0.05,day_close,635850.00,-2193.00,100.00,-2293.00,
100,2022-06-16,Thursday,TRADED,,2022-06-16,15843.80,15850,15850,0,15950,15750,50,6,300,0.84,18.10,32.58,2022-06-16T15:20:00+05:30,0.10,day_close,21.45,38.61,2022-06-16T09:57:00+05:30,38.61,sl,620250.00,-348.00,100.00,-448.00,
100,2022-06-23,Thursday,TRADED,,2022-06-23,15469.50,15450,15450,0,15550,15350,50,6,300,0.90,25.25,45.45,2022-06-23T09:25:00+05:30,45.45,sl,22.60,40.68,2022-06-23T15:20:00+05:30,0.10,day_close,604650.00,90.00,100.00,-10.00,
100,2022-06-30,Thursday,TRADED,,2022-06-30,15854.80,15850,15850,0,15950,15750,50,6,300,0.75,28.00,50.40,2022-06-30T15:20:00+05:30,0.05,day_close,37.45,67.41,2022-06-30T12:14:00+05:30,67.41,sl,620250.00,-1203.00,100.00,-1303.00,
100,2022-07-07,Thursday,TRADED,,2022-07-07,16114.20,16100,16100,0,16200,16000,50,6,300,0.96,22.30,40.14,2022-07-07T15:20:00+05:30,0.05,day_close,21.35,38.43,2022-07-07T15:20:00+05:30,0.10,day_close,630000.00,12450.00,100.00,12350.00,
100,2022-07-14,Thursday,TRADED,,2022-07-14,16025.70,16050,16000,-1,16100,15900,50,6,300,0.78,24.55,44.19,2022-07-14T15:20:00+05:30,0.05,day_close,19.25,34.65,2022-07-14T14:13:00+05:30,34.65,sl,626100.00,2130.00,100.00,2030.00,
100,2022-07-21,Thursday,TRADED,,2022-07-21,16512.60,16500,16500,0,16600,16400,50,6,300,0.86,11.05,19.89,2022-07-21T09:54:00+05:30,19.89,sl,12.80,23.04,2022-07-21T15:20:00+05:30,0.05,day_close,645600.00,573.00,100.00,473.00,
100,2022-07-28,Thursday,TRADED,,2022-07-28,16775.90,16800,16750,-1,16850,16650,50,6,300,0.68,17.55,31.59,2022-07-28T10:17:00+05:30,31.59,sl,11.95,21.51,2022-07-28T15:20:00+05:30,0.05,day_close,655350.00,-1242.00,100.00,-1342.00,
100,2022-08-04,Thursday,TRADED,,2022-08-04,17464.60,17450,17450,0,17550,17350,50,6,300,0.87,17.25,31.05,2022-08-04T15:20:00+05:30,0.10,day_close,15.05,27.09,2022-08-04T11:15:00+05:30,27.09,sl,682650.00,933.00,100.00,833.00,
100,2022-08-11,Thursday,TRADED,,2022-08-11,17690.00,17700,17700,0,17800,17600,50,6,300,0.71,12.60,22.68,2022-08-11T15:20:00+05:30,0.05,day_close,17.75,31.95,2022-08-11T11:28:00+05:30,31.95,sl,692400.00,-1095.00,100.00,-1195.00,
100,2022-08-18,Thursday,TRADED,,2022-08-18,17915.30,17900,17900,0,18000,17800,50,6,300,0.92,15.35,27.63,2022-08-18T15:20:00+05:30,0.05,day_close,14.05,25.29,2022-08-18T15:20:00+05:30,0.05,day_close,700200.00,8190.00,100.00,8090.00,
100,2022-08-25,Thursday,TRADED,,2022-08-25,17672.10,17650,17650,0,17750,17550,50,6,300,0.61,15.95,28.71,2022-08-25T15:20:00+05:30,0.15,day_close,9.80,17.64,2022-08-25T15:01:00+05:30,17.64,sl,690450.00,1788.00,100.00,1688.00,
100,2022-09-01,Thursday,TRADED,,2022-09-01,17553.80,17550,17550,0,17650,17450,50,6,300,0.90,30.15,54.27,2022-09-01T09:45:00+05:30,54.27,sl,33.50,60.30,2022-09-01T15:20:00+05:30,0.05,day_close,686550.00,2199.00,100.00,2099.00,
100,2022-09-08,Thursday,TRADED,,2022-09-08,17733.80,17750,17700,-1,17800,17600,50,6,300,0.65,23.00,41.40,2022-09-08T09:26:00+05:30,41.40,sl,15.00,27.00,2022-09-08T15:20:00+05:30,0.10,day_close,692400.00,-1650.00,100.00,-1750.00,
100,2022-09-15,Thursday,TRADED,,2022-09-15,18083.80,18100,18050,-1,18150,17950,50,6,300,0.71,26.40,47.52,2022-09-15T15:20:00+05:30,0.05,day_close,18.70,33.66,2022-09-15T09:40:00+05:30,34.35,gap_sl,706050.00,2610.00,100.00,2510.00,
100,2022-09-22,Thursday,TRADED,,2022-09-22,17626.60,17650,17600,-1,17700,17500,50,6,300,0.76,45.65,82.17,2022-09-22T15:20:00+05:30,0.10,day_close,34.80,62.64,2022-09-22T15:20:00+05:30,0.05,day_close,688500.00,23490.00,100.00,23390.00,
100,2022-09-29,Thursday,TRADED,,2022-09-29,17005.90,17000,17000,0,17100,16900,50,6,300,0.85,20.00,36.00,2022-09-29T15:20:00+05:30,0.05,day_close,17.00,30.60,2022-09-29T09:29:00+05:30,30.60,sl,665100.00,1305.00,100.00,1205.00,
100,2022-10-06,Thursday,TRADED,,2022-10-06,17374.50,17350,17350,0,17450,17250,50,6,300,0.67,26.95,48.51,2022-10-06T15:20:00+05:30,0.15,day_close,18.00,32.40,2022-10-06T15:20:00+05:30,0.10,day_close,678750.00,12810.00,100.00,12710.00,
100,2022-10-13,Thursday,TRADED,,2022-10-13,17086.00,17100,17050,-1,17150,16950,50,6,300,0.61,28.50,51.30,2022-10-13T15:20:00+05:30,0.05,day_close,17.30,31.14,2022-10-13T10:32:00+05:30,31.14,sl,667050.00,3783.00,100.00,3683.00,
100,2022-10-20,Thursday,TRADED,,2022-10-20,17450.00,17450,17400,-1,17500,17300,50,6,300,0.50,16.75,30.15,2022-10-20T10:43:00+05:30,30.15,sl,8.35,15.03,2022-10-20T15:20:00+05:30,0.05,day_close,680700.00,-2130.00,100.00,-2230.00,
100,2022-10-27,Thursday,TRADED,,2022-10-27,17756.10,17750,17750,0,17850,17650,50,6,300,0.71,12.95,23.31,2022-10-27T15:20:00+05:30,0.10,day_close,9.25,16.65,2022-10-27T15:20:00+05:30,0.10,day_close,694350.00,6000.00,100.00,5900.00,
100,2022-11-03,Thursday,TRADED,,2022-11-03,18021.80,18000,18000,0,18100,17900,50,6,300,0.89,20.25,36.45,2022-11-03T09:35:00+05:30,36.45,sl,18.00,32.40,2022-11-03T15:20:00+05:30,0.05,day_close,704100.00,-75.00,100.00,-175.00,
100,2022-11-10,Thursday,TRADED,,2022-11-10,18068.20,18050,18100,1,18200,18000,50,6,300,0.46,6.15,11.07,2022-11-10T15:20:00+05:30,0.05,day_close,13.30,23.94,2022-11-10T09:41:00+05:30,23.94,sl,708000.00,-1962.00,100.00,-2062.00,
100,2022-11-17,Thursday,TRADED,,2022-11-17,18381.20,18400,18350,-1,18450,18250,50,6,300,0.52,9.85,17.73,2022-11-17T15:20:00+05:30,0.05,day_close,5.10,9.18,2022-11-17T15:20:00+05:30,0.05,day_close,717750.00,3855.00,100.00,3755.00,
100,2022-11-24,Thursday,TRADED,,2022-11-24,18300.10,18300,18300,0,18400,18200,50,6,300,0.77,3.45,6.21,2022-11-24T09:38:00+05:30,6.21,sl,4.50,8.10,2022-11-24T15:20:00+05:30,0.15,day_close,715800.00,-123.00,100.00,-223.00,
100,2022-12-01,Thursday,TRADED,,2022-12-01,18866.90,18850,18850,0,18950,18750,50,6,300,0.81,9.40,16.92,2022-12-01T15:20:00+05:30,0.05,day_close,7.60,13.68,2022-12-01T13:25:00+05:30,13.68,sl,737250.00,381.00,100.00,281.00,
100,2022-12-08,Thursday,TRADED,,2022-12-08,18552.40,18550,18550,0,18650,18450,50,6,300,0.61,12.80,23.04,2022-12-08T10:00:00+05:30,23.04,sl,7.85,14.13,2022-12-08T15:20:00+05:30,0.05,day_close,725550.00,-1332.00,100.00,-1432.00,
100,2022-12-15,Thursday,TRADED,,2022-12-15,18631.60,18650,18650,0,18750,18550,50,6,300,0.44,4.00,7.20,2022-12-15T15:20:00+05:30,0.10,day_close,9.00,16.20,2022-12-15T09:32:00+05:30,16.20,sl,729450.00,-1590.00,100.00,-1690.00,
100,2022-12-22,Thursday,TRADED,,2022-12-22,18259.10,18250,18250,0,18350,18150,50,6,300,0.75,22.60,40.68,2022-12-22T15:20:00+05:30,0.15,day_close,17.00,30.60,2022-12-22T09:27:00+05:30,30.60,sl,713850.00,2055.00,100.00,1955.00,
100,2022-12-29,Thursday,TRADED,,2022-12-29,18028.80,18050,18000,-1,18100,17900,50,6,300,0.66,16.10,28.98,2022-12-29T14:44:00+05:30,28.98,sl,10.70,19.26,2022-12-29T15:20:00+05:30,0.10,day_close,704100.00,-1284.00,100.00,-1384.00,
100,2023-01-05,Thursday,TRADED,,2023-01-05,18062.80,18050,18050,0,18150,17950,50,6,300,0.73,17.75,31.95,2023-01-05T09:33:00+05:30,31.95,sl,12.95,23.31,2023-01-05T10:08:00+05:30,23.31,sl,706050.00,-7968.00,100.00,-8068.00,
100,2023-01-12,Thursday,TRADED,,2023-01-12,17913.80,17900,17950,1,18050,17850,50,6,300,0.60,15.45,27.81,2023-01-12T15:20:00+05:30,0.10,day_close,25.70,46.26,2023-01-12T10:06:00+05:30,46.26,sl,702150.00,-2163.00,100.00,-2263.00,
100,2023-01-19,Thursday,TRADED,,2023-01-19,18118.20,18100,18100,0,18200,18000,50,6,300,1.00,13.65,24.57,2023-01-19T15:20:00+05:30,0.05,day_close,13.70,24.66,2023-01-19T15:20:00+05:30,0.10,day_close,708000.00,7560.00,100.00,7460.00,
100,2023-01-25,Wednesday,TRADED,,2023-01-25,18059.50,18050,18050,0,18150,17950,50,6,300,0.50,11.85,21.33,2023-01-25T15:20:00+05:30,0.20,day_close,5.90,10.62,2023-01-25T09:42:00+05:30,10.62,sl,706050.00,1479.00,100.00,1379.00,
100,2023-02-02,Thursday,TRADED,,2023-02-02,17474.40,17450,17450,0,17550,17350,50,6,300,0.74,48.40,87.12,2023-02-02T09:26:00+05:30,87.12,sl,35.80,64.44,2023-02-02T15:20:00+05:30,0.15,day_close,682650.00,-1521.00,100.00,-1621.00,
100,2023-02-09,Thursday,TRADED,,2023-02-09,17843.60,17850,17850,0,17950,17750,50,6,300,0.70,11.40,20.52,2023-02-09T15:20:00+05:30,0.10,day_close,16.40,29.52,2023-02-09T09:41:00+05:30,29.52,sl,698250.00,-1146.00,100.00,-1246.00,
100,2023-02-16,Thursday,TRADED,,2023-02-16,18096.60,18100,18100,0,18200,18000,50,6,300,0.51,5.30,9.54,2023-02-16T09:23:00+05:30,9.85,gap_sl,10.40,18.72,2023-02-16T15:20:00+05:30,0.20,day_close,708000.00,1095.00,100.00,995.00,
100,2023-02-23,Thursday,TRADED,,2023-02-23,17551.80,17550,17550,0,17650,17450,50,6,300,0.86,16.20,29.16,2023-02-23T15:20:00+05:30,0.05,day_close,13.90,25.02,2023-02-23T09:29:00+05:30,25.02,sl,686550.00,909.00,100.00,809.00,
100,2023-03-02,Thursday,TRADED,,2023-03-02,17432.10,17450,17400,-1,17500,17300,50,6,300,0.44,14.65,26.37,2023-03-02T15:20:00+05:30,0.10,day_close,6.45,11.61,2023-03-02T09:28:00+05:30,11.61,sl,680700.00,2217.00,100.00,2117.00,
100,2023-03-09,Thursday,TRADED,,2023-03-09,17768.10,17750,17750,0,17850,17650,50,6,300,0.84,8.15,14.67,2023-03-09T15:20:00+05:30,0.05,day_close,6.85,12.33,2023-03-09T09:24:00+05:30,12.33,sl,694350.00,186.00,100.00,86.00,
100,2023-03-16,Thursday,TRADED,,2023-03-16,16926.10,16950,16950,0,17050,16850,50,6,300,0.64,16.40,29.52,2023-03-16T09:21:00+05:30,29.52,sl,25.45,45.81,2023-03-16T09:45:00+05:30,45.81,sl,663150.00,-10644.00,100.00,-10744.00,
100,2023-03-23,Thursday,TRADED,,2023-03-23,17078.10,17100,17050,-1,17150,16950,50,6,300,0.64,22.30,40.14,2023-03-23T10:17:00+05:30,40.14,sl,14.25,25.65,2023-03-23T15:20:00+05:30,0.10,day_close,667050.00,-1707.00,100.00,-1807.00,
100,2023-03-29,Wednesday,TRADED,,2023-03-29,16997.20,17000,17000,0,17100,16900,50,6,300,0.83,10.90,19.62,2023-03-29T15:20:00+05:30,1.05,day_close,13.10,23.58,2023-03-29T15:20:00+05:30,0.05,day_close,665100.00,6270.00,100.00,6170.00,
100,2023-04-06,Thursday,TRADED,,2023-04-06,17522.40,17500,17500,0,17600,17400,50,6,300,0.82,10.35,18.63,2023-04-06T10:03:00+05:30,18.63,sl,8.45,15.21,2023-04-06T15:20:00+05:30,0.10,day_close,684600.00,-579.00,100.00,-679.00,
100,2023-04-13,Thursday,TRADED,,2023-04-13,17789.80,17800,17800,0,17900,17700,50,6,300,0.50,5.25,9.45,2023-04-13T15:20:00+05:30,0.05,day_close,10.45,18.81,2023-04-13T15:20:00+05:30,0.05,day_close,696300.00,4080.00,100.00,3980.00,
100,2023-04-20,Thursday,TRADED,,2023-04-20,17653.10,17650,17650,0,17750,17550,50,6,300,0.86,5.35,9.63,2023-04-20T09:39:00+05:30,9.63,sl,6.25,11.25,2023-04-20T10:29:00+05:30,11.25,sl,690450.00,-3384.00,100.00,-3484.00,
100,2023-04-27,Thursday,TRADED,,2023-04-27,17810.70,17800,17800,0,17900,17700,50,6,300,0.97,5.85,10.53,2023-04-27T13:22:00+05:30,10.53,sl,5.65,10.17,2023-04-27T15:20:00+05:30,0.10,day_close,696300.00,-339.00,100.00,-439.00,
100,2023-05-04,Thursday,TRADED,,2023-05-04,18099.30,18100,18100,0,18200,18000,50,6,300,0.62,5.25,9.45,2023-05-04T11:39:00+05:30,9.45,sl,8.50,15.30,2023-05-04T15:20:00+05:30,0.05,day_close,708000.00,675.00,100.00,575.00,
100,2023-05-11,Thursday,TRADED,,2023-05-11,18324.20,18300,18350,1,18450,18250,50,6,300,0.41,4.60,8.28,2023-05-11T15:20:00+05:30,0.05,day_close,11.10,19.98,2023-05-11T09:38:00+05:30,19.98,sl,717750.00,-1899.00,100.00,-1999.00,
100,2023-05-18,Thursday,TRADED,,2023-05-18,18269.90,18250,18300,1,18400,18200,50,6,300,0.42,3.45,6.21,2023-05-18T15:20:00+05:30,0.05,day_close,8.25,14.85,2023-05-18T09:38:00+05:30,14.85,sl,715800.00,-1560.00,100.00,-1660.00,
100,2023-05-25,Thursday,TRADED,,2023-05-25,18292.30,18300,18300,0,18400,18200,50,6,300,0.46,4.95,8.91,2023-05-25T15:20:00+05:30,0.10,day_close,10.65,19.17,2023-05-25T09:35:00+05:30,19.17,sl,715800.00,-1701.00,100.00,-1801.00,
100,2023-06-01,Thursday,TRADED,,2023-06-01,18560.00,18550,18550,0,18650,18450,50,6,300,0.93,7.40,13.32,2023-06-01T15:20:00+05:30,0.10,day_close,7.95,14.31,2023-06-01T15:20:00+05:30,0.15,day_close,725550.00,3930.00,100.00,3830.00,
100,2023-06-08,Thursday,TRADED,,2023-06-08,18745.20,18750,18700,-1,18800,18600,50,6,300,0.43,11.30,20.34,2023-06-08T15:20:00+05:30,0.05,day_close,4.90,8.82,2023-06-08T15:20:00+05:30,0.10,day_close,731400.00,4215.00,100.00,4115.00,
100,2023-06-15,Thursday,TRADED,,2023-06-15,18731.70,18750,18700,-1,18800,18600,50,6,300,0.43,9.25,16.65,2023-06-15T09:53:00+05:30,16.65,sl,4.00,7.20,2023-06-15T15:20:00+05:30,0.05,day_close,731400.00,-1635.00,100.00,-1735.00,
100,2023-06-22,Thursday,TRADED,,2023-06-22,18846.80,18850,18850,0,18950,18750,50,6,300,0.53,4.80,8.64,2023-06-22T09:30:00+05:30,8.64,sl,9.00,16.20,2023-06-22T13:01:00+05:30,16.20,sl,737250.00,-3912.00,100.00,-4012.00,
100,2023-06-28,Wednesday,TRADED,,2023-06-28,18868.80,18850,18850,0,18950,18750,50,6,300,0.75,7.90,14.22,2023-06-28T09:51:00+05:30,14.22,sl,5.95,10.71,2023-06-28T15:20:00+05:30,0.10,day_close,737250.00,-741.00,100.00,-841.00,
100,2023-07-06,Thursday,TRADED,,2023-07-06,19400.90,19400,19400,0,19500,19300,50,6,300,0.68,10.60,19.08,2023-07-06T10:08:00+05:30,19.08,sl,15.70,28.26,2023-07-06T15:20:00+05:30,0.10,day_close,758700.00,1536.00,100.00,1436.00,
100,2023-07-13,Thursday,TRADED,,2023-07-13,19484.90,19500,19500,0,19600,19400,50,6,300,0.54,6.00,10.80,2023-07-13T09:45:00+05:30,10.80,sl,11.10,19.98,2023-07-13T15:01:00+05:30,19.98,sl,762600.00,-4704.00,100.00,-4804.00,
100,2023-07-20,Thursday,TRADED,,2023-07-20,19799.30,19800,19800,0,19900,19700,50,6,300,0.95,12.70,22.86,2023-07-20T12:07:00+05:30,22.86,sl,13.40,24.12,2023-07-20T15:20:00+05:30,0.15,day_close,774300.00,327.00,100.00,227.00,
100,2023-07-27,Thursday,TRADED,,2023-07-27,19857.30,19850,19850,0,19950,19750,50,6,300,0.68,14.45,26.01,2023-07-27T15:20:00+05:30,0.05,day_close,9.80,17.64,2023-07-27T09:50:00+05:30,17.64,sl,776250.00,1368.00,100.00,1268.00,
100,2023-08-03,Thursday,TRADED,,2023-08-03,19487.40,19500,19500,0,19600,19400,50,6,300,0.59,12.55,22.59,2023-08-03T09:24:00+05:30,22.59,sl,21.40,38.52,2023-08-03T12:39:00+05:30,38.52,sl,762600.00,-8748.00,100.00,-8848.00,
100,2023-08-10,Thursday,TRADED,,2023-08-10,19576.20,19600,19550,-1,19650,19450,50,6,300,0.77,18.75,33.75,2023-08-10T10:05:00+05:30,33.75,sl,14.40,25.92,2023-08-10T10:31:00+05:30,25.92,sl,764550.00,-8556.00,100.00,-8656.00,
100,2023-08-17,Thursday,TRADED,,2023-08-17,19446.10,19450,19450,0,19550,19350,50,6,300,0.66,8.75,15.75,2023-08-17T15:20:00+05:30,0.05,day_close,13.25,23.85,2023-08-17T09:33:00+05:30,23.85,sl,760650.00,-1170.00,100.00,-1270.00,
100,2023-08-24,Thursday,TRADED,,2023-08-24,19534.90,19550,19550,0,19650,19450,50,6,300,0.40,3.75,6.75,2023-08-24T15:20:00+05:30,0.10,day_close,9.35,16.83,2023-08-24T11:09:00+05:30,16.83,sl,764550.00,-1749.00,100.00,-1849.00,
100,2023-08-31,Thursday,TRADED,,2023-08-31,19375.70,19400,19350,-1,19450,19250,50,6,300,0.72,7.10,12.78,2023-08-31T15:20:00+05:30,0.15,day_close,5.10,9.18,2023-08-31T09:27:00+05:30,9.18,sl,756750.00,261.00,100.00,161.00,
100,2023-09-07,Thursday,TRADED,,2023-09-07,19576.40,19600,19550,-1,19650,19450,50,6,300,0.51,5.65,10.17,2023-09-07T11:10:00+05:30,10.17,sl,2.90,5.22,2023-09-07T15:20:00+05:30,0.10,day_close,764550.00,-1116.00,100.00,-1216.00,
100,2023-09-14,Thursday,TRADED,,2023-09-14,20131.50,20150,20100,-1,20200,20000,50,6,300,0.63,13.35,24.03,2023-09-14T15:20:00+05:30,0.10,day_close,8.40,15.12,2023-09-14T10:18:00+05:30,15.12,sl,786000.00,1359.00,100.00,1259.00,
100,2023-09-21,Thursday,TRADED,,2023-09-21,19821.90,19800,19800,0,19900,19700,50,6,300,0.60,9.95,17.91,2023-09-21T15:20:00+05:30,0.05,day_close,6.00,10.80,2023-09-21T09:50:00+05:30,10.80,sl,774300.00,930.00,100.00,830.00,
100,2023-09-28,Thursday,TRADED,,2023-09-28,19750.80,19750,19750,0,19850,19650,50,6,300,0.53,6.80,12.24,2023-09-28T15:20:00+05:30,0.05,day_close,12.90,23.22,2023-09-28T09:29:00+05:30,23.22,sl,772350.00,-1671.00,100.00,-1771.00,
100,2023-10-05,Thursday,TRADED,,2023-10-05,19536.90,19550,19500,-1,19600,19400,50,6,300,0.42,9.15,16.47,2023-10-05T15:20:00+05:30,0.05,day_close,3.85,6.93,2023-10-05T15:20:00+05:30,0.05,day_close,762600.00,3270.00,100.00,3170.00,
100,2023-10-12,Thursday,TRADED,,2023-10-12,19826.20,19850,19850,0,19950,19750,50,6,300,0.41,3.60,6.48,2023-10-12T15:20:00+05:30,0.05,day_close,8.80,15.84,2023-10-12T09:47:00+05:30,15.84,sl,776250.00,-1647.00,100.00,-1747.00,
100,2023-10-19,Thursday,TRADED,,2023-10-19,19539.00,19550,19550,0,19650,19450,50,6,300,0.92,6.05,10.89,2023-10-19T09:51:00+05:30,10.89,sl,6.55,11.79,2023-10-19T09:34:00+05:30,11.79,sl,764550.00,-3624.00,100.00,-3724.00,
100,2023-10-26,Thursday,TRADED,,2023-10-26,19008.00,19000,19000,0,19100,18900,50,6,300,0.94,15.40,27.72,2023-10-26T15:20:00+05:30,0.05,day_close,14.45,26.01,2023-10-26T09:21:00+05:30,26.01,sl,743100.00,537.00,100.00,437.00,
100,2023-11-02,Thursday,TRADED,,2023-11-02,19142.80,19150,19150,0,19250,19050,50,6,300,0.59,5.40,9.72,2023-11-02T15:20:00+05:30,0.10,day_close,9.10,16.38,2023-11-02T11:42:00+05:30,16.38,sl,748950.00,-1194.00,100.00,-1294.00,
100,2023-11-09,Thursday,TRADED,,2023-11-09,19413.10,19400,19400,0,19500,19300,50,6,300,0.50,8.55,15.39,2023-11-09T15:20:00+05:30,0.10,day_close,4.25,7.65,2023-11-09T15:20:00+05:30,0.10,day_close,758700.00,3180.00,100.00,3080.00,
100,2023-11-16,Thursday,TRADED,,2023-11-16,19636.60,19650,19650,0,19750,19550,50,6,300,0.60,2.90,5.22,2023-11-16T09:38:00+05:30,5.30,gap_sl,4.80,8.64,2023-11-16T15:20:00+05:30,0.10,day_close,768450.00,90.00,100.00,-10.00,
100,2023-11-23,Thursday,TRADED,,2023-11-23,19840.30,19850,19850,0,19950,19750,50,6,300,0.70,4.40,7.92,2023-11-23T09:22:00+05:30,7.92,sl,6.30,11.34,2023-11-23T10:26:00+05:30,11.34,sl,776250.00,-3168.00,100.00,-3268.00,
100,2023-11-30,Thursday,TRADED,,2023-11-30,20113.00,20100,20100,0,20200,20000,50,6,300,0.62,12.50,22.50,2023-11-30T15:20:00+05:30,0.10,day_close,7.75,13.95,2023-11-30T09:50:00+05:30,13.95,sl,786000.00,1260.00,100.00,1160.00,
100,2023-12-07,Thursday,TRADED,,2023-12-07,20866.20,20850,20850,0,20950,20750,50,6,300,0.67,13.20,23.76,2023-12-07T15:20:00+05:30,0.05,day_close,8.85,15.93,2023-12-07T15:20:00+05:30,0.05,day_close,815250.00,5985.00,100.00,5885.00,
100,2023-12-14,Thursday,TRADED,,2023-12-14,21108.80,21100,21100,0,21200,21000,50,6,300,0.88,5.95,10.71,2023-12-14T09:31:00+05:30,10.71,sl,6.75,12.15,2023-12-14T15:20:00+05:30,0.05,day_close,825000.00,-18.00,100.00,-118.00,
100,2023-12-21,Thursday,TRADED,,2023-12-21,21046.30,21050,21000,-1,21100,20900,50,6,300,0.82,36.20,65.16,2023-12-21T10:43:00+05:30,65.16,sl,29.75,53.55,2023-12-21T15:20:00+05:30,0.05,day_close,821100.00,-378.00,100.00,-478.00,
100,2023-12-28,Thursday,TRADED,,2023-12-28,21720.60,21700,21750,1,21850,21650,50,6,300,0.71,17.65,31.77,2023-12-28T15:20:00+05:30,0.15,day_close,24.70,44.46,2023-12-28T15:20:00+05:30,0.15,day_close,850350.00,12015.00,100.00,11915.00,
100,2024-01-04,Thursday,TRADED,,2024-01-04,21602.60,21600,21600,0,21700,21500,50,6,300,0.63,7.70,13.86,2024-01-04T15:20:00+05:30,0.10,day_close,12.25,22.05,2024-01-04T15:20:00+05:30,0.05,day_close,844500.00,5340.00,100.00,5240.00,
100,2024-01-11,Thursday,TRADED,,2024-01-11,21720.40,21700,21700,0,21800,21600,50,6,300,0.99,10.25,18.45,2024-01-11T15:20:00+05:30,0.10,day_close,10.35,18.63,2024-01-11T14:14:00+05:30,18.63,sl,848400.00,-39.00,100.00,-139.00,
100,2024-01-18,Thursday,TRADED,,2024-01-18,21445.10,21450,21400,-1,21500,21300,50,6,300,0.66,28.70,51.66,2024-01-18T15:20:00+05:30,0.10,day_close,18.85,33.93,2024-01-18T09:36:00+05:30,33.93,sl,836700.00,3456.00,100.00,3356.00,
100,2024-01-25,Thursday,TRADED,,2024-01-25,21411.50,21400,21400,0,21500,21300,50,6,300,0.88,32.75,58.95,2024-01-25T15:20:00+05:30,0.20,day_close,28.75,51.75,2024-01-25T10:19:00+05:30,51.75,sl,836700.00,2265.00,100.00,2165.00,
100,2024-02-01,Thursday,TRADED,,2024-02-01,21715.20,21700,21700,0,21800,21600,50,6,300,1.00,81.05,145.89,2024-02-01T15:20:00+05:30,0.10,day_close,81.00,145.80,2024-02-01T15:20:00+05:30,0.05,day_close,848400.00,47970.00,100.00,47870.00,
100,2024-02-08,Thursday,TRADED,,2024-02-08,21992.00,22000,22000,0,22100,21900,50,6,300,0.93,21.70,39.06,2024-02-08T15:20:00+05:30,0.05,day_close,23.25,41.85,2024-02-08T10:09:00+05:30,41.85,sl,860100.00,315.00,100.00,215.00,
100,2024-02-15,Thursday,TRADED,,2024-02-15,21892.20,21900,21900,0,22000,21800,50,6,300,0.83,23.05,41.49,2024-02-15T15:20:00+05:30,0.10,day_close,27.80,50.04,2024-02-15T09:39:00+05:30,50.04,sl,856200.00,-387.00,100.00,-487.00,
100,2024-02-22,Thursday,TRADED,,2024-02-22,22047.10,22050,22050,0,22150,21950,50,6,300,0.76,22.85,41.13,2024-02-22T14:50:00+05:30,41.13,sl,30.25,54.45,2024-02-22T09:30:00+05:30,54.45,sl,862050.00,-13344.00,100.00,-13444.00,
100,2024-02-29,Thursday,TRADED,,2024-02-29,21934.40,21950,21950,0,22050,21850,50,6,300,0.69,31.35,56.43,2024-02-29T09:59:00+05:30,56.43,sl,45.20,81.36,2024-02-29T10:14:00+05:30,81.36,sl,858150.00,-18972.00,100.00,-19072.00,
100,2024-03-07,Thursday,TRADED,,2024-03-07,22502.60,22500,22500,0,22600,22400,50,6,300,0.77,19.20,34.56,2024-03-07T15:20:00+05:30,0.10,day_close,24.90,44.82,2024-03-07T15:20:00+05:30,0.15,day_close,879600.00,12555.00,100.00,12455.00,
100,2024-03-14,Thursday,TRADED,,2024-03-14,21930.65,21950,21950,0,22050,21850,50,6,300,0.80,31.35,56.43,2024-03-14T09:25:00+05:30,56.43,sl,39.10,70.38,2024-03-14T15:20:00+05:30,0.05,day_close,858150.00,3591.00,100.00,3491.00,
100,2024-03-21,Thursday,TRADED,,2024-03-21,22003.40,22000,22000,0,22100,21900,50,6,300,0.95,17.80,32.04,2024-03-21T15:20:00+05:30,0.10,day_close,18.70,33.66,2024-03-21T15:20:00+05:30,0.05,day_close,860100.00,10305.00,100.00,10205.00,
100,2024-03-28,Thursday,TRADED,,2024-03-28,22190.65,22200,22200,0,22300,22100,50,6,300,0.84,12.85,23.13,2024-03-28T09:22:00+05:30,23.13,sl,15.35,27.63,2024-03-28T15:20:00+05:30,0.25,day_close,867900.00,846.00,100.00,746.00,
100,2024-04-04,Thursday,TRADED,,2024-04-04,22580.30,22600,22550,-1,22650,22450,50,6,300,0.83,18.00,32.40,2024-04-04T15:20:00+05:30,0.05,day_close,14.90,26.82,2024-04-04T09:21:00+05:30,26.82,sl,881550.00,1209.00,100.00,1109.00,
100,2024-04-10,Wednesday,TRADED,,2024-04-10,22697.50,22700,22650,-1,22750,22550,50,6,300,0.59,27.10,48.78,2024-04-10T15:20:00+05:30,3.10,day_close,16.10,28.98,2024-04-10T15:20:00+05:30,0.15,day_close,885450.00,11385.00,100.00,11285.00,
100,2024-04-18,Thursday,TRADED,,2024-04-18,22246.30,22250,22250,0,22350,22150,50,6,300,0.71,11.75,21.15,2024-04-18T11:10:00+05:30,21.15,sl,16.55,29.79,2024-04-18T09:30:00+05:30,29.79,sl,869850.00,-7392.00,100.00,-7492.00,
100,2024-04-25,Thursday,TRADED,,2024-04-25,22340.10,22350,22350,0,22450,22250,50,6,300,0.69,16.10,28.98,2024-04-25T09:34:00+05:30,28.98,sl,23.20,41.76,2024-04-25T10:51:00+05:30,41.76,sl,873750.00,-10032.00,100.00,-10132.00,
100,2024-05-02,Thursday,TRADED,,2024-05-02,22650.05,22650,22650,0,22750,22550,25,12,300,0.96,29.80,53.64,2024-05-02T15:20:00+05:30,0.15,day_close,28.50,51.30,2024-05-02T15:20:00+05:30,0.15,day_close,885450.00,16800.00,100.00,16700.00,
100,2024-05-09,Thursday,TRADED,,2024-05-09,22301.45,22300,22300,0,22400,22200,25,12,300,0.84,28.85,51.93,2024-05-09T15:20:00+05:30,0.10,day_close,34.15,61.47,2024-05-09T09:29:00+05:30,61.47,sl,871800.00,-171.00,100.00,-271.00,
100,2024-05-16,Thursday,TRADED,,2024-05-16,22292.70,22300,22250,-1,22350,22150,25,12,300,0.71,29.75,53.55,2024-05-16T15:00:00+05:30,53.55,sl,21.05,37.89,2024-05-16T09:38:00+05:30,37.89,sl,869850.00,-12792.00,100.00,-12892.00,
100,2024-05-23,Thursday,TRADED,,2024-05-23,22596.95,22600,22600,0,22700,22500,25,12,300,0.99,28.35,51.03,2024-05-23T09:35:00+05:30,51.03,sl,28.70,51.66,2024-05-23T15:20:00+05:30,0.05,day_close,883500.00,1191.00,100.00,1091.00,
100,2024-05-30,Thursday,TRADED,,2024-05-30,22684.45,22700,22700,0,22800,22600,25,12,300,0.71,35.55,63.99,2024-05-30T15:20:00+05:30,0.05,day_close,49.95,89.91,2024-05-30T09:41:00+05:30,89.91,sl,887400.00,-1938.00,100.00,-2038.00,
100,2024-06-06,Thursday,TRADED,,2024-06-06,22716.35,22700,22700,0,22800,22600,25,12,300,0.96,76.60,137.88,2024-06-06T15:20:00+05:30,19.60,day_close,79.70,143.46,2024-06-06T15:20:00+05:30,0.10,day_close,887400.00,40380.00,100.00,40280.00,
100,2024-06-13,Thursday,TRADED,,2024-06-13,23434.45,23450,23400,-1,23500,23300,25,12,300,0.69,32.50,58.50,2024-06-13T15:20:00+05:30,0.05,day_close,22.30,40.14,2024-06-13T15:20:00+05:30,0.05,day_close,914700.00,15810.00,100.00,15710.00,
100,2024-06-20,Thursday,TRADED,,2024-06-20,23504.15,23500,23500,0,23600,23400,25,12,300,0.75,33.00,59.40,2024-06-20T15:20:00+05:30,0.15,day_close,43.80,78.84,2024-06-20T15:20:00+05:30,0.05,day_close,918600.00,22380.00,100.00,22280.00,
100,2024-06-27,Thursday,TRADED,,2024-06-27,23842.25,23850,23850,0,23950,23750,25,12,300,0.80,29.05,52.29,2024-06-27T09:58:00+05:30,52.29,sl,36.30,65.34,2024-06-27T15:20:00+05:30,0.05,day_close,932250.00,3303.00,100.00,3203.00,
100,2024-07-04,Thursday,TRADED,,2024-07-04,24346.05,24350,24350,0,24450,24250,25,12,300,0.63,17.70,31.86,2024-07-04T15:20:00+05:30,0.05,day_close,28.15,50.67,2024-07-04T15:20:00+05:30,0.10,day_close,951750.00,13110.00,100.00,13010.00,
100,2024-07-11,Thursday,TRADED,,2024-07-11,24356.00,24350,24350,0,24450,24250,25,12,300,0.80,17.25,31.05,2024-07-11T15:20:00+05:30,0.10,day_close,21.50,38.70,2024-07-11T10:13:00+05:30,38.70,sl,951750.00,-615.00,100.00,-715.00,
100,2024-07-18,Thursday,TRADED,,2024-07-18,24567.30,24550,24550,0,24650,24450,25,12,300,0.87,20.60,37.08,2024-07-18T09:47:00+05:30,37.08,sl,17.90,32.22,2024-07-18T15:20:00+05:30,0.05,day_close,959550.00,-189.00,100.00,-289.00,
100,2024-07-25,Thursday,TRADED,,2024-07-25,24235.15,24250,24200,-1,24300,24100,25,12,300,0.82,38.85,69.93,2024-07-25T11:56:00+05:30,69.93,sl,31.75,57.15,2024-07-25T15:20:00+05:30,0.10,day_close,945900.00,-429.00,100.00,-529.00,
100,2024-08-01,Thursday,TRADED,,2024-08-01,25052.90,25050,25050,0,25150,24950,25,12,300,0.95,25.30,45.54,2024-08-01T15:20:00+05:30,0.05,day_close,26.70,48.06,2024-08-01T15:20:00+05:30,0.10,day_close,979050.00,14955.00,100.00,14855.00,
100,2024-08-08,Thursday,TRADED,,2024-08-08,24220.85,24200,24200,0,24300,24100,25,12,300,0.84,54.65,98.37,2024-08-08T12:15:00+05:30,98.37,sl,45.75,82.35,2024-08-08T10:06:00+05:30,82.35,sl,945900.00,-24696.00,100.00,-24796.00,
100,2024-08-14,Wednesday,TRADED,,2024-08-14,24149.20,24150,24150,0,24250,24050,25,12,300,0.95,26.15,47.07,2024-08-14T15:20:00+05:30,0.15,day_close,27.40,49.32,2024-08-14T15:20:00+05:30,0.15,day_close,943950.00,15375.00,100.00,15275.00,
100,2024-08-22,Thursday,TRADED,,2024-08-22,24826.40,24850,24800,-1,24900,24700,25,12,300,0.76,18.80,33.84,2024-08-22T15:20:00+05:30,0.10,day_close,14.30,25.74,2024-08-22T15:20:00+05:30,0.10,day_close,969300.00,9270.00,100.00,9170.00,
100,2024-08-29,Thursday,TRADED,,2024-08-29,25029.60,25050,25050,0,25150,24950,25,12,300,0.61,14.90,26.82,2024-08-29T09:49:00+05:30,26.82,sl,24.25,43.65,2024-08-29T14:05:00+05:30,43.65,sl,979050.00,-9996.00,100.00,-10096.00,
100,2024-09-05,Thursday,TRADED,,2024-09-05,25241.15,25250,25250,0,25350,25150,25,12,300,0.63,15.30,27.54,2024-09-05T15:20:00+05:30,0.05,day_close,24.10,43.38,2024-09-05T10:29:00+05:30,43.38,sl,986850.00,-1809.00,100.00,-1909.00,
100,2024-09-12,Thursday,TRADED,,2024-09-12,25016.80,25000,25000,0,25100,24900,25,12,300,0.93,18.90,34.02,2024-09-12T09:25:00+05:30,34.02,sl,17.65,31.77,2024-09-12T10:31:00+05:30,32.60,gap_sl,977100.00,-9621.00,100.00,-9721.00,
100,2024-09-19,Thursday,TRADED,,2024-09-19,25553.65,25550,25550,0,25650,25450,25,12,300,0.77,24.40,43.92,2024-09-19T15:20:00+05:30,0.10,day_close,18.75,33.75,2024-09-19T11:28:00+05:30,33.75,sl,998550.00,2190.00,100.00,2090.00,
100,2024-09-26,Thursday,TRADED,,2024-09-26,26033.15,26050,26050,0,26150,25950,25,12,300,0.97,27.35,49.23,2024-09-26T14:20:00+05:30,49.23,sl,28.15,50.67,2024-09-26T14:09:00+05:30,50.67,sl,1018050.00,-13920.00,100.00,-14020.00,
100,2024-10-03,Thursday,TRADED,,2024-10-03,25530.00,25550,25500,-1,25600,25400,25,12,300,0.87,46.30,83.34,2024-10-03T09:33:00+05:30,83.34,sl,40.05,72.09,2024-10-03T11:51:00+05:30,72.09,sl,996600.00,-21324.00,100.00,-21424.00,
100,2024-10-10,Thursday,TRADED,,2024-10-10,25051.20,25050,25050,0,25150,24950,25,12,300,0.96,37.00,66.60,2024-10-10T15:20:00+05:30,0.10,day_close,38.65,69.57,2024-10-10T15:20:00+05:30,0.20,day_close,979050.00,22005.00,100.00,21905.00,
100,2024-10-17,Thursday,TRADED,,2024-10-17,24957.05,24950,24950,0,25050,24850,25,12,300,0.81,26.50,47.70,2024-10-17T15:20:00+05:30,0.05,day_close,21.40,38.52,2024-10-17T09:35:00+05:30,38.52,sl,975150.00,2199.00,100.00,2099.00,
100,2024-10-24,Thursday,TRADED,,2024-10-24,24435.45,24450,24450,0,24550,24350,25,12,300,0.77,31.15,56.07,2024-10-24T15:20:00+05:30,0.05,day_close,40.55,72.99,2024-10-24T15:20:00+05:30,0.10,day_close,955650.00,20865.00,100.00,20765.00,
100,2024-10-31,Thursday,TRADED,,2024-10-31,24308.95,24300,24300,0,24400,24200,25,12,300,0.81,33.45,60.21,2024-10-31T15:20:00+05:30,0.05,day_close,27.25,49.05,2024-10-31T15:20:00+05:30,0.95,day_close,949800.00,17310.00,100.00,17210.00,
100,2024-11-07,Thursday,TRADED,,2024-11-07,24454.30,24450,24450,0,24550,24350,25,12,300,0.98,30.55,54.99,2024-11-07T15:20:00+05:30,0.05,day_close,29.80,53.64,2024-11-07T09:24:00+05:30,53.64,sl,955650.00,1398.00,100.00,1298.00,
100,2024-11-14,Thursday,TRADED,,2024-11-14,23604.90,23600,23600,0,23700,23500,25,12,300,0.98,52.35,94.23,2024-11-14T15:20:00+05:30,0.05,day_close,53.60,96.48,2024-11-14T15:20:00+05:30,0.05,day_close,922500.00,31155.00,100.00,31055.00,
100,2024-11-21,Thursday,TRADED,,2024-11-21,23373.00,23350,23350,0,23450,23250,25,12,300,0.89,48.65,87.57,2024-11-21T15:20:00+05:30,0.10,day_close,54.80,98.64,2024-11-21T15:20:00+05:30,0.05,day_close,912750.00,30390.00,100.00,30290.00,
100,2024-11-28,Thursday,TRADED,,2024-11-28,24278.60,24300,24300,0,24400,24200,75,4,300,0.84,35.60,64.08,2024-11-28T15:20:00+05:30,0.10,day_close,42.55,76.59,2024-11-28T10:33:00+05:30,76.59,sl,949800.00,-162.00,100.00,-262.00,
100,2024-12-05,Thursday,TRADED,,2024-12-05,24497.70,24500,24500,0,24600,24400,75,4,300,0.78,60.00,108.00,2024-12-05T12:08:00+05:30,108.00,sl,76.60,137.88,2024-12-05T09:48:00+05:30,137.88,sl,957600.00,-33384.00,100.00,-33484.00,
100,2024-12-12,Thursday,TRADED,,2024-12-12,24648.95,24650,24650,0,24750,24550,75,4,300,0.96,15.15,27.27,2024-12-12T09:35:00+05:30,27.27,sl,14.60,26.28,2024-12-12T10:12:00+05:30,26.28,sl,963450.00,-7740.00,100.00,-7840.00,
100,2024-12-19,Thursday,TRADED,,2024-12-19,23919.50,23900,23900,0,24000,23800,75,4,300,0.92,50.50,90.90,2024-12-19T15:20:00+05:30,0.10,day_close,46.60,83.88,2024-12-19T15:20:00+05:30,0.10,day_close,934200.00,28470.00,100.00,28370.00,
100,2024-12-26,Thursday,TRADED,,2024-12-26,23836.55,23850,23850,0,23950,23750,75,4,300,0.95,29.15,52.47,2024-12-26T15:20:00+05:30,0.05,day_close,30.55,54.99,2024-12-26T10:07:00+05:30,54.99,sl,932250.00,798.00,100.00,698.00,
100,2025-01-02,Thursday,TRADED,,2025-01-02,23788.20,23800,23800,0,23900,23700,75,4,300,0.80,63.25,113.85,2025-01-02T10:49:00+05:30,113.85,sl,78.90,142.02,2025-01-02T15:20:00+05:30,0.10,day_close,930300.00,7860.00,100.00,7760.00,
100,2025-01-09,Thursday,TRADED,,2025-01-09,23616.55,23600,23600,0,23700,23500,75,4,300,0.90,24.35,43.83,2025-01-09T15:20:00+05:30,0.10,day_close,22.00,39.60,2025-01-09T10:52:00+05:30,39.60,sl,922500.00,1395.00,100.00,1295.00,
100,2025-01-16,Thursday,TRADED,,2025-01-16,23335.50,23350,23350,0,23450,23250,75,4,300,0.78,11.80,21.24,2025-01-16T15:20:00+05:30,0.10,day_close,15.10,27.18,2025-01-16T15:20:00+05:30,0.05,day_close,912750.00,7425.00,100.00,7325.00,
100,2025-01-23,Thursday,TRADED,,2025-01-23,23108.10,23100,23100,0,23200,23000,75,4,300,0.72,24.10,43.38,2025-01-23T09:36:00+05:30,43.38,sl,17.39,31.30,2025-01-23T15:20:00+05:30,0.05,day_close,903000.00,-1182.00,100.00,-1282.00,
100,2025-01-30,Thursday,TRADED,,2025-01-30,23158.20,23150,23150,0,23250,23050,75,4,300,0.94,84.05,151.29,2025-01-30T15:20:00+05:30,0.45,day_close,89.70,161.46,2025-01-30T15:20:00+05:30,0.15,day_close,904950.00,51345.00,100.00,51245.00,
100,2025-02-06,Thursday,TRADED,,2025-02-06,23723.70,23700,23750,1,23850,23650,75,4,300,0.73,23.65,42.57,2025-02-06T15:20:00+05:30,0.05,day_close,32.35,58.23,2025-02-06T09:25:00+05:30,58.23,sl,928350.00,-1284.00,100.00,-1384.00,
100,2025-02-13,Thursday,TRADED,,2025-02-13,23081.45,23100,23100,0,23200,23000,75,4,300,0.89,36.75,66.15,2025-02-13T09:58:00+05:30,66.15,sl,41.20,74.16,2025-02-13T09:24:00+05:30,74.16,sl,903000.00,-19308.00,100.00,-19408.00,
100,2025-02-20,Thursday,TRADED,,2025-02-20,22857.20,22850,22850,0,22950,22750,75,4,300,0.75,40.90,73.62,2025-02-20T15:20:00+05:30,0.15,day_close,30.75,55.35,2025-02-20T15:20:00+05:30,0.10,day_close,893250.00,20820.00,100.00,20720.00,
100,2025-02-27,Thursday,TRADED,,2025-02-27,22579.40,22600,22550,-1,22650,22450,75,4,300,0.58,12.65,22.77,2025-02-27T15:20:00+05:30,0.10,day_close,7.40,13.32,2025-02-27T15:20:00+05:30,0.10,day_close,881550.00,5355.00,100.00,5255.00,
100,2025-03-06,Thursday,TRADED,,2025-03-06,22433.10,22450,22400,-1,22500,22300,75,4,300,0.78,19.50,35.10,2025-03-06T12:52:00+05:30,35.10,sl,15.15,27.27,2025-03-06T09:22:00+05:30,27.27,sl,875700.00,-8916.00,100.00,-9016.00,
100,2025-03-13,Thursday,TRADED,,2025-03-13,22485.00,22500,22450,-1,22550,22350,75,4,300,0.75,18.45,33.21,2025-03-13T10:02:00+05:30,33.21,sl,13.85,24.93,2025-03-13T15:20:00+05:30,0.10,day_close,877650.00,-903.00,100.00,-1003.00,
100,2025-03-20,Thursday,TRADED,,2025-03-20,23022.30,23000,23000,0,23100,22900,75,4,300,0.96,21.45,38.61,2025-03-20T09:24:00+05:30,38.61,sl,20.60,37.08,2025-03-20T15:20:00+05:30,0.15,day_close,899100.00,387.00,100.00,287.00,
100,2025-03-27,Thursday,TRADED,,2025-03-27,23507.80,23500,23500,0,23600,23400,75,4,300,0.88,37.00,66.60,2025-03-27T10:09:00+05:30,66.60,sl,32.54,58.57,2025-03-27T15:20:00+05:30,0.25,day_close,918600.00,207.00,100.00,107.00,
100,2025-04-03,Thursday,TRADED,,2025-04-03,23218.65,23200,23200,0,23300,23100,75,4,300,0.69,17.80,32.04,2025-04-03T09:21:00+05:30,32.04,sl,25.90,46.62,2025-04-03T15:20:00+05:30,0.10,day_close,906900.00,2868.00,100.00,2768.00,
100,2025-04-09,Wednesday,TRADED,,2025-04-09,22412.35,22400,22400,0,22500,22300,75,4,300,0.90,80.65,145.17,2025-04-09T15:20:00+05:30,0.10,day_close,89.75,161.55,2025-04-09T15:20:00+05:30,0.05,day_close,875700.00,50475.00,100.00,50375.00,
100,2025-04-17,Thursday,TRADED,,2025-04-17,23357.65,23350,23350,0,23450,23250,75,4,300,0.98,18.14,32.65,2025-04-17T09:42:00+05:30,32.65,sl,18.50,33.30,2025-04-17T09:22:00+05:30,33.30,sl,912750.00,-9393.60,100.00,-9493.60,
100,2025-04-24,Thursday,TRADED,,2025-04-24,24272.40,24250,24300,1,24400,24200,75,4,300,0.86,14.70,26.46,2025-04-24T09:34:00+05:30,26.46,sl,17.10,30.78,2025-04-24T15:20:00+05:30,0.15,day_close,949800.00,957.00,100.00,857.00,
100,2025-04-30,Wednesday,TRADED,,2025-04-30,24320.35,24300,24300,0,24400,24200,75,4,300,0.88,14.10,25.38,2025-04-30T09:49:00+05:30,25.38,sl,12.45,22.41,2025-04-30T15:20:00+05:30,0.15,day_close,949800.00,-294.00,100.00,-394.00,
100,2025-05-08,Thursday,TRADED,,2025-05-08,24398.45,24400,24400,0,24500,24300,75,4,300,0.75,9.60,17.28,2025-05-08T15:20:00+05:30,0.15,day_close,12.80,23.04,2025-05-08T14:53:00+05:30,23.04,sl,953700.00,-837.00,100.00,-937.00,
100,2025-05-15,Thursday,TRADED,,2025-05-15,24620.00,24600,24600,0,24700,24500,75,4,300,0.93,39.04,70.27,2025-05-15T10:36:00+05:30,70.27,sl,36.15,65.07,2025-05-15T09:44:00+05:30,65.07,sl,961500.00,-18645.60,100.00,-18745.60,
100,2025-05-22,Thursday,TRADED,,2025-05-22,24644.70,24650,24650,0,24750,24550,75,4,300,0.89,60.95,109.71,2025-05-22T15:20:00+05:30,0.10,day_close,68.70,123.66,2025-05-22T15:20:00+05:30,0.15,day_close,963450.00,38220.00,100.00,38120.00,
100,2025-05-29,Thursday,TRADED,,2025-05-29,24845.20,24850,24850,0,24950,24750,75,4,300,0.84,32.15,57.87,2025-05-29T15:20:00+05:30,0.30,day_close,26.95,48.51,2025-05-29T09:23:00+05:30,48.51,sl,971250.00,2487.00,100.00,2387.00,
100,2025-06-05,Thursday,TRADED,,2025-06-05,24625.55,24650,24600,-1,24700,24500,75,4,300,0.68,26.10,46.98,2025-06-05T09:25:00+05:30,46.98,sl,17.65,31.77,2025-06-05T15:20:00+05:30,0.05,day_close,961500.00,-1584.00,100.00,-1684.00,
100,2025-06-12,Thursday,TRADED,,2025-06-12,25164.90,25150,25150,0,25250,25050,75,4,300,0.87,23.30,41.94,2025-06-12T15:20:00+05:30,0.10,day_close,20.30,36.54,2025-06-12T09:43:00+05:30,36.54,sl,982950.00,1488.00,100.00,1388.00,
100,2025-06-19,Thursday,TRADED,,2025-06-19,24755.30,24750,24750,0,24850,24650,75,4,300,0.95,23.50,42.30,2025-06-19T09:25:00+05:30,42.30,sl,24.65,44.37,2025-06-19T15:20:00+05:30,0.15,day_close,967350.00,1110.00,100.00,1010.00,
100,2025-06-26,Thursday,TRADED,,2025-06-26,25282.75,25300,25300,0,25400,25200,75,4,300,0.76,20.20,36.36,2025-06-26T09:21:00+05:30,36.36,sl,26.55,47.79,2025-06-26T15:20:00+05:30,0.20,day_close,988800.00,2457.00,100.00,2357.00,
100,2025-07-03,Thursday,TRADED,,2025-07-03,25522.75,25500,25550,1,25650,25450,75,4,300,0.65,15.45,27.81,2025-07-03T13:40:00+05:30,27.81,sl,23.80,42.84,2025-07-03T09:23:00+05:30,42.84,sl,998550.00,-10020.00,100.00,-10120.00,
100,2025-07-10,Thursday,TRADED,,2025-07-10,25470.60,25450,25500,1,25600,25400,75,4,300,0.68,12.30,22.14,2025-07-10T15:20:00+05:30,0.05,day_close,18.20,32.76,2025-07-10T09:32:00+05:30,32.76,sl,996600.00,-1293.00,100.00,-1393.00,
100,2025-07-17,Thursday,TRADED,,2025-07-17,25216.60,25200,25250,1,25350,25150,75,4,300,0.58,9.65,17.37,2025-07-17T15:20:00+05:30,0.05,day_close,16.65,29.97,2025-07-17T10:09:00+05:30,29.97,sl,986850.00,-1716.00,100.00,-1816.00,
100,2025-07-24,Thursday,TRADED,,2025-07-24,25204.10,25200,25200,0,25300,25100,75,4,300,0.85,11.85,21.33,2025-07-24T15:20:00+05:30,0.05,day_close,10.05,18.09,2025-07-24T11:23:00+05:30,18.09,sl,984900.00,528.00,100.00,428.00,
100,2025-07-31,Thursday,TRADED,,2025-07-31,24680.35,24700,24650,-1,24750,24550,75,4,300,0.84,29.25,52.65,2025-07-31T11:03:00+05:30,52.65,sl,24.55,44.19,2025-07-31T15:20:00+05:30,0.20,day_close,963450.00,-315.00,100.00,-415.00,
100,2025-08-07,Thursday,TRADED,,2025-08-07,24519.20,24500,24500,0,24600,24400,75,4,300,0.81,24.15,43.47,2025-08-07T15:20:00+05:30,0.30,day_close,19.65,35.37,2025-08-07T10:49:00+05:30,35.37,sl,957600.00,1839.00,100.00,1739.00,
100,2025-08-14,Thursday,TRADED,,2025-08-14,24640.15,24650,24650,0,24750,24550,75,4,300,0.67,14.75,26.55,2025-08-14T15:20:00+05:30,0.10,day_close,22.10,39.78,2025-08-14T15:20:00+05:30,0.10,day_close,963450.00,10395.00,100.00,10295.00,
100,2025-08-21,Thursday,TRADED,,2025-08-21,25074.70,25050,25100,1,25200,25000,75,4,300,0.61,10.60,19.08,2025-08-21T10:05:00+05:30,19.08,sl,17.40,31.32,2025-08-21T15:20:00+05:30,0.10,day_close,981000.00,2046.00,100.00,1946.00,
100,2025-08-28,Thursday,TRADED,,2025-08-28,24575.55,24600,24600,0,24700,24500,75,4,300,0.71,16.75,30.15,2025-08-28T10:58:00+05:30,30.15,sl,23.45,42.21,2025-08-28T09:24:00+05:30,42.21,sl,961500.00,-10248.00,100.00,-10348.00,
100,2025-09-02,Tuesday,TRADED,,2025-09-02,24662.05,24650,24650,0,24750,24550,75,4,300,0.76,13.70,24.66,2025-09-02T09:52:00+05:30,24.66,sl,10.35,18.63,2025-09-02T14:00:00+05:30,18.63,sl,963450.00,-6372.00,100.00,-6472.00,
100,2025-09-09,Tuesday,TRADED,,2025-09-09,24851.85,24850,24850,0,24950,24750,75,4,300,1.00,15.20,27.36,2025-09-09T15:20:00+05:30,0.05,day_close,15.20,27.36,2025-09-09T15:20:00+05:30,0.15,day_close,971250.00,8460.00,100.00,8360.00,
100,2025-09-16,Tuesday,TRADED,,2025-09-16,25107.25,25100,25100,0,25200,25000,75,4,300,0.95,10.20,18.36,2025-09-16T09:39:00+05:30,18.36,sl,10.70,19.26,2025-09-16T15:20:00+05:30,0.05,day_close,981000.00,147.00,100.00,47.00,
100,2025-09-23,Tuesday,TRADED,,2025-09-23,25224.95,25200,25250,1,25350,25150,75,4,300,0.75,10.10,18.18,2025-09-23T15:20:00+05:30,0.10,day_close,13.50,24.30,2025-09-23T09:30:00+05:30,24.30,sl,986850.00,-840.00,100.00,-940.00,
100,2025-09-30,Tuesday,TRADED,,2025-09-30,24712.55,24700,24700,0,24800,24600,75,4,300,0.60,24.70,44.46,2025-09-30T15:20:00+05:30,0.10,day_close,14.85,26.73,2025-09-30T09:30:00+05:30,26.73,sl,965400.00,3216.00,100.00,3116.00,
100,2025-10-07,Tuesday,TRADED,,2025-10-07,25083.70,25100,25100,0,25200,25000,75,4,300,0.72,14.20,25.56,2025-10-07T09:47:00+05:30,25.56,sl,19.70,35.46,2025-10-07T15:20:00+05:30,0.10,day_close,981000.00,1872.00,100.00,1772.00,
100,2025-10-14,Tuesday,TRADED,,2025-10-14,25290.75,25300,25300,0,25400,25200,75,4,300,0.92,16.00,28.80,2025-10-14T15:20:00+05:30,0.10,day_close,17.45,31.41,2025-10-14T09:40:00+05:30,31.41,sl,988800.00,-18.00,100.00,-118.00,
100,2025-10-20,Monday,TRADED,,2025-10-20,25903.25,25900,25900,0,26000,25800,75,4,300,0.63,26.15,47.07,2025-10-20T15:20:00+05:30,0.10,day_close,16.60,29.88,2025-10-20T09:25:00+05:30,29.88,sl,1012200.00,3231.00,100.00,3131.00,
100,2025-10-28,Tuesday,TRADED,,2025-10-28,25968.05,25950,26000,1,26100,25900,75,4,300,0.75,26.85,48.33,2025-10-28T09:33:00+05:30,48.33,sl,36.00,64.80,2025-10-28T10:12:00+05:30,64.80,sl,1016100.00,-15684.00,100.00,-15784.00,
100,2025-11-04,Tuesday,TRADED,,2025-11-04,25754.60,25750,25750,0,25850,25650,75,4,300,0.84,26.15,47.07,2025-11-04T15:20:00+05:30,0.10,day_close,21.90,39.42,2025-11-04T09:35:00+05:30,39.42,sl,1006350.00,1959.00,100.00,1859.00,
100,2025-11-11,Tuesday,TRADED,,2025-11-11,25544.65,25550,25550,0,25650,25450,75,4,300,0.90,23.00,41.40,2025-11-11T13:49:00+05:30,41.40,sl,20.70,37.26,2025-11-11T10:36:00+05:30,37.26,sl,998550.00,-11088.00,100.00,-11188.00,
100,2025-11-18,Tuesday,TRADED,,2025-11-18,25946.10,25950,25950,0,26050,25850,75,4,300,0.91,21.45,38.61,2025-11-18T15:20:00+05:30,0.05,day_close,23.50,42.30,2025-11-18T15:20:00+05:30,0.10,day_close,1014150.00,12840.00,100.00,12740.00,
100,2025-11-25,Tuesday,TRADED,,2025-11-25,25963.75,25950,25950,0,26050,25850,75,4,300,0.63,24.70,44.46,2025-11-25T10:11:00+05:30,44.46,sl,15.50,27.90,2025-11-25T15:20:00+05:30,0.15,day_close,1014150.00,-1923.00,100.00,-2023.00,
100,2025-12-02,Tuesday,TRADED,,2025-12-02,26141.55,26150,26150,0,26250,26050,75,4,300,0.95,16.75,30.15,2025-12-02T15:20:00+05:30,0.05,day_close,17.70,31.86,2025-12-02T09:42:00+05:30,31.86,sl,1021950.00,162.00,100.00,62.00,
100,2025-12-09,Tuesday,TRADED,,2025-12-09,25819.60,25800,25850,1,25950,25750,75,4,300,0.78,17.90,32.22,2025-12-09T12:24:00+05:30,32.22,sl,23.05,41.49,2025-12-09T09:31:00+05:30,41.49,sl,1010250.00,-10428.00,100.00,-10528.00,
100,2025-12-16,Tuesday,TRADED,,2025-12-16,25938.35,25950,25950,0,26050,25850,75,4,300,0.76,14.50,26.10,2025-12-16T15:20:00+05:30,0.05,day_close,19.10,34.38,2025-12-16T15:20:00+05:30,0.60,day_close,1014150.00,9285.00,100.00,9185.00,
100,2025-12-23,Tuesday,TRADED,,2025-12-23,26166.65,26150,26150,0,26250,26050,75,4,300,0.78,15.90,28.62,2025-12-23T15:20:00+05:30,0.05,day_close,12.45,22.41,2025-12-23T15:20:00+05:30,0.10,day_close,1021950.00,7860.00,100.00,7760.00,
100,2025-12-30,Tuesday,TRADED,,2025-12-30,25908.65,25900,25950,1,26050,25850,75,4,300,0.37,6.45,11.61,2025-12-30T09:43:00+05:30,11.61,sl,17.39,31.30,2025-12-30T15:20:00+05:30,0.10,day_close,1014150.00,3039.00,100.00,2939.00,
100,2026-01-06,Tuesday,TRADED,,2026-01-06,26194.95,26200,26200,0,26300,26100,65,5,325,0.87,12.60,22.68,2026-01-06T10:00:00+05:30,22.68,sl,10.90,19.62,2026-01-06T15:20:00+05:30,0.10,day_close,1109225.00,-416.00,100.00,-516.00,
100,2026-01-13,Tuesday,TRADED,,2026-01-13,25845.75,25850,25850,0,25950,25750,65,5,325,0.72,21.20,38.16,2026-01-13T15:20:00+05:30,0.15,day_close,29.60,53.28,2026-01-13T09:28:00+05:30,53.28,sl,1094437.50,-1504.75,100.00,-1604.75,
100,2026-01-20,Tuesday,TRADED,,2026-01-20,25559.30,25550,25550,0,25650,25450,65,5,325,0.87,21.60,38.88,2026-01-20T15:20:00+05:30,0.15,day_close,18.70,33.66,2026-01-20T09:27:00+05:30,33.66,sl,1081762.50,1459.25,100.00,1359.25,
100,2026-01-27,Tuesday,TRADED,,2026-01-27,25007.50,25000,25050,1,25150,24950,65,5,325,0.77,52.55,94.59,2026-01-27T09:43:00+05:30,94.59,sl,68.20,122.76,2026-01-27T15:20:00+05:30,0.10,day_close,1060637.50,7819.50,100.00,7719.50,
100,2026-02-03,Tuesday,TRADED,,2026-02-03,25811.10,25800,25800,0,25900,25700,65,5,325,0.86,117.15,210.87,2026-02-03T15:20:00+05:30,0.10,day_close,100.25,180.45,2026-02-03T15:20:00+05:30,0.15,day_close,1092325.00,69923.75,100.00,69823.75,
100,2026-02-10,Tuesday,TRADED,,2026-02-10,25918.10,25900,25900,0,26000,25800,65,5,325,0.72,20.40,36.72,2026-02-10T15:20:00+05:30,0.10,day_close,14.65,26.37,2026-02-10T15:20:00+05:30,0.05,day_close,1096550.00,10692.50,100.00,10592.50,
100,2026-02-17,Tuesday,TRADED,,2026-02-17,25610.45,25600,25600,0,25700,25500,65,5,325,0.97,17.00,30.60,2026-02-17T09:44:00+05:30,30.60,sl,17.50,31.50,2026-02-17T15:20:00+05:30,0.05,day_close,1083875.00,601.25,100.00,501.25,
100,2026-02-24,Tuesday,TRADED,,2026-02-24,25571.25,25550,25550,0,25650,25450,65,5,325,0.70,34.40,61.92,2026-02-24T15:20:00+05:30,0.05,day_close,24.25,43.65,2026-02-24T09:33:00+05:30,43.65,sl,1081762.50,4208.75,100.00,4108.75,
100,2026-03-02,Monday,TRADED,,2026-03-02,24893.10,24900,24850,-1,24950,24750,65,5,325,0.81,79.25,142.65,2026-03-02T15:20:00+05:30,0.25,day_close,64.20,115.56,2026-03-02T13:41:00+05:30,115.56,sl,1052187.50,8333.00,100.00,8233.00,
100,2026-03-10,Tuesday,TRADED,,2026-03-10,24150.70,24150,24150,0,24250,24050,65,5,325,1.00,53.10,95.58,2026-03-10T15:20:00+05:30,11.30,day_close,53.20,95.76,2026-03-10T15:20:00+05:30,0.10,day_close,1022612.50,30192.50,100.00,30092.50,
100,2026-03-17,Tuesday,TRADED,,2026-03-17,23393.20,23400,23400,0,23500,23300,65,5,325,0.76,36.35,65.43,2026-03-17T09:47:00+05:30,65.43,sl,48.05,86.49,2026-03-17T15:20:00+05:30,0.05,day_close,990925.00,5499.00,100.00,5399.00,
100,2026-03-24,Tuesday,TRADED,,2026-03-24,22789.80,22800,22800,0,22900,22700,65,5,325,0.90,68.30,122.94,2026-03-24T12:42:00+05:30,122.94,sl,76.20,137.16,2026-03-24T10:37:00+05:30,137.16,sl,965575.00,-38220.00,100.00,-38320.00,
100,2026-04-28,Tuesday,TRADED,,2026-04-28,24094.75,24100,24100,0,24200,24000,65,5,325,0.75,19.75,35.55,2026-04-28T15:20:00+05:30,0.05,day_close,26.30,47.34,2026-04-28T13:35:00+05:30,47.34,sl,1020500.00,-1085.50,100.00,-1185.50,
100,2026-05-05,Tuesday,SKIPPED,no_priceable_pair,2026-05-05,24062.05,24050,,,,,65,5,325,,,,,,,,,,,,,,,,
100,2026-05-12,Tuesday,SKIPPED,no_priceable_pair,2026-05-12,23737.80,23750,,,,,65,5,325,,,,,,,,,,,,,,,,
100,2026-05-19,Tuesday,TRADED,,2026-05-19,23736.45,23750,23700,-1,23800,23600,65,5,325,0.70,39.50,71.10,2026-05-19T15:20:00+05:30,0.10,day_close,27.55,49.59,2026-05-19T09:35:00+05:30,49.59,sl,1003600.00,4992.00,100.00,4892.00,
100,2026-05-26,Tuesday,TRADED,,2026-05-26,24011.55,24000,24000,0,24100,23900,65,5,325,0.69,25.50,45.90,2026-05-26T09:38:00+05:30,45.90,sl,17.70,31.86,2026-05-26T15:20:00+05:30,0.10,day_close,1016275.00,-1560.00,100.00,-1660.00,
100,2026-06-02,Tuesday,TRADED,,2026-06-02,23285.65,23300,23300,0,23400,23200,65,5,325,0.89,23.55,42.39,2026-06-02T10:26:00+05:30,42.39,sl,26.50,47.70,2026-06-02T15:20:00+05:30,0.10,day_close,986700.00,1807.00,100.00,1707.00,
100,2026-06-09,Tuesday,SKIPPED,no_priceable_pair,2026-06-09,23233.30,23250,,,,,65,5,325,,,,,,,,,,,,,,,,
100,2026-06-16,Tuesday,TRADED,,2026-06-16,23932.80,23950,23950,0,24050,23850,65,5,325,0.64,15.05,27.09,2026-06-16T15:20:00+05:30,0.10,day_close,23.50,42.30,2026-06-16T15:20:00+05:30,0.10,day_close,1014162.50,11813.75,100.00,11713.75,
200,2020-01-02,Thursday,TRADED,,2020-01-02,12216.80,12200,12200,0,12400,12000,75,4,300,0.33,0.05,0.09,2020-01-02T09:20:00+05:30,0.09,sl,0.15,0.27,2020-01-02T15:20:00+05:30,0.05,day_close,480000.00,-582.00,100.00,-682.00,
200,2020-01-09,Thursday,TRADED,,2020-01-09,12162.40,12150,12100,-1,12300,11900,75,4,300,0.53,0.75,1.35,2020-01-09T15:20:00+05:30,0.05,day_close,0.40,0.72,2020-01-09T15:19:00+05:30,0.05,last_bar_before_exit,476100.00,-285.00,100.00,-385.00,
200,2020-01-16,Thursday,TRADED,,2020-01-16,12372.50,12350,12300,-1,12500,12100,75,4,300,1.00,0.20,0.36,2020-01-16T15:20:00+05:30,0.05,day_close,0.20,0.36,2020-01-16T15:19:00+05:30,0.05,last_bar_before_exit,483900.00,-510.00,100.00,-610.00,
200,2020-01-23,Thursday,TRADED,,2020-01-23,12117.20,12100,12100,0,12300,11900,75,4,300,0.75,0.40,0.72,2020-01-23T15:20:00+05:30,0.05,day_close,0.30,0.54,2020-01-23T15:19:00+05:30,0.05,last_bar_before_exit,476100.00,-420.00,100.00,-520.00,
200,2020-01-30,Thursday,TRADED,,2020-01-30,12095.00,12100,12100,0,12300,11900,75,4,300,0.67,0.20,0.36,2020-01-30T15:20:00+05:30,0.10,day_close,0.30,0.54,2020-01-30T11:06:00+05:30,0.54,sl,476100.00,-642.00,100.00,-742.00,
200,2020-02-06,Thursday,TRADED,,2020-02-06,12128.00,12150,12100,-1,12300,11900,75,4,300,0.70,0.35,0.63,2020-02-06T15:20:00+05:30,0.05,day_close,0.50,0.90,2020-02-06T15:20:00+05:30,0.10,day_close,476100.00,-390.00,100.00,-490.00,
200,2020-02-13,Thursday,TRADED,,2020-02-13,12183.30,12200,12150,-1,12350,11950,75,4,300,0.40,0.10,0.18,2020-02-13T15:20:00+05:30,0.05,day_close,0.25,0.45,2020-02-13T15:20:00+05:30,0.05,day_close,478050.00,-525.00,100.00,-625.00,
200,2020-02-20,Thursday,TRADED,,2020-02-20,12113.00,12100,12100,0,12300,11900,75,4,300,0.40,0.10,0.18,2020-02-20T09:28:00+05:30,0.18,sl,0.25,0.45,2020-02-20T15:20:00+05:30,0.10,day_close,476100.00,-579.00,100.00,-679.00,
200,2020-02-27,Thursday,TRADED,,2020-02-27,11633.70,11650,11650,0,11850,11450,75,4,300,0.89,0.45,0.81,2020-02-27T15:20:00+05:30,0.05,day_close,0.40,0.72,2020-02-27T09:33:00+05:30,0.72,sl,458550.00,-576.00,100.00,-676.00,
200,2020-03-05,Thursday,TRADED,,2020-03-05,11311.90,11300,11250,-1,11450,11050,75,4,300,0.36,2.65,4.77,2020-03-05T15:20:00+05:30,0.05,day_close,0.95,1.71,2020-03-05T09:25:00+05:30,1.71,sl,442950.00,-48.00,100.00,-148.00,
200,2020-03-12,Thursday,TRADED,,2020-03-12,9994.25,10000,10000,0,10200,9800,75,4,300,0.33,6.10,10.98,2020-03-12T12:18:00+05:30,10.98,sl,18.75,33.75,2020-03-12T09:22:00+05:30,33.75,sl,394200.00,-6564.00,100.00,-6664.00,
200,2020-03-19,Thursday,TRADED,,2020-03-19,7963.75,7950,7900,-1,8100,7700,75,4,300,0.65,52.20,93.96,2020-03-19T10:13:00+05:30,93.96,sl,79.95,143.91,2020-03-19T15:20:00+05:30,0.05,day_close,312300.00,10842.00,100.00,10742.00,
200,2020-03-26,Thursday,TRADED,,2020-03-26,8336.40,8350,8300,-1,8500,8100,75,4,300,0.90,52.45,94.41,2020-03-26T09:27:00+05:30,94.41,sl,58.25,104.85,2020-03-26T15:20:00+05:30,0.30,day_close,327900.00,4197.00,100.00,4097.00,
200,2020-04-01,Wednesday,TRADED,,2020-04-01,8508.15,8500,8450,-1,8650,8250,75,4,300,0.74,25.75,46.35,2020-04-01T15:20:00+05:30,0.10,day_close,19.00,34.20,2020-04-01T09:51:00+05:30,34.20,sl,333750.00,2535.00,100.00,2435.00,
200,2020-04-09,Thursday,TRADED,,2020-04-09,8969.80,8950,8950,0,9150,8750,75,4,300,0.85,27.20,48.96,2020-04-09T15:20:00+05:30,0.10,day_close,23.25,41.85,2020-04-09T15:20:00+05:30,0.05,day_close,353250.00,14490.00,100.00,14390.00,
200,2020-04-16,Thursday,TRADED,,2020-04-16,8830.60,8850,8800,-1,9000,8600,75,4,300,0.91,14.70,26.46,2020-04-16T09:39:00+05:30,26.46,sl,13.40,24.12,2020-04-16T15:20:00+05:30,0.10,day_close,347400.00,-138.00,100.00,-238.00,
200,2020-04-23,Thursday,TRADED,,2020-04-23,9219.05,9200,9200,0,9400,9000,75,4,300,0.71,4.05,7.29,2020-04-23T15:20:00+05:30,0.05,day_close,5.70,10.26,2020-04-23T15:20:00+05:30,0.05,day_close,363000.00,2295.00,100.00,2195.00,
200,2020-04-30,Thursday,TRADED,,2020-04-30,9749.40,9750,9750,0,9950,9550,75,4,300,0.94,2.40,4.32,2020-04-30T09:33:00+05:30,4.32,sl,2.55,4.59,2020-04-30T15:20:00+05:30,0.05,day_close,384450.00,-426.00,100.00,-526.00,
200,2020-05-07,Thursday,TRADED,,2020-05-07,9211.00,9200,9200,0,9400,9000,75,4,300,0.73,5.10,9.18,2020-05-07T09:24:00+05:30,9.18,sl,6.95,12.51,2020-05-07T15:20:00+05:30,0.10,day_close,363000.00,231.00,100.00,131.00,
200,2020-05-14,Thursday,TRADED,,2020-05-14,9237.85,9250,9250,0,9450,9050,75,4,300,0.78,3.85,6.93,2020-05-14T15:20:00+05:30,0.05,day_close,3.00,5.40,2020-05-14T15:20:00+05:30,0.05,day_close,364950.00,1425.00,100.00,1325.00,
200,2020-05-21,Thursday,TRADED,,2020-05-21,9100.80,9100,9050,-1,9250,8850,75,4,300,0.53,1.50,2.70,2020-05-21T15:20:00+05:30,0.05,day_close,0.80,1.44,2020-05-21T15:20:00+05:30,0.05,day_close,357150.00,60.00,100.00,-40.00,
200,2020-05-28,Thursday,TRADED,,2020-05-28,9386.15,9400,9350,-1,9550,9150,75,4,300,0.71,1.40,2.52,2020-05-28T11:07:00+05:30,2.52,sl,1.00,1.80,2020-05-28T15:20:00+05:30,0.10,day_close,368850.00,-666.00,100.00,-766.00,
200,2020-06-04,Thursday,TRADED,,2020-06-04,10109.00,10100,10100,0,10300,9900,75,4,300,0.45,1.45,2.61,2020-06-04T15:20:00+05:30,0.05,day_close,3.20,5.76,2020-06-04T09:33:00+05:30,5.76,sl,398100.00,-948.00,100.00,-1048.00,
200,2020-06-11,Thursday,TRADED,,2020-06-11,10059.90,10050,10050,0,10250,9850,75,4,300,0.46,2.70,4.86,2020-06-11T15:20:00+05:30,0.05,day_close,1.25,2.25,2020-06-11T11:15:00+05:30,2.25,sl,396150.00,-105.00,100.00,-205.00,
200,2020-06-18,Thursday,TRADED,,2020-06-18,9867.05,9850,9800,-1,10000,9600,75,4,300,0.67,4.25,7.65,2020-06-18T10:15:00+05:30,7.65,sl,2.85,5.13,2020-06-18T15:20:00+05:30,0.05,day_close,386400.00,-780.00,100.00,-880.00,
200,2020-06-25,Thursday,TRADED,,2020-06-25,10220.80,10200,10150,-1,10350,9950,75,4,300,0.60,5.80,10.44,2020-06-25T09:30:00+05:30,10.44,sl,3.50,6.30,2020-06-25T15:20:00+05:30,0.05,day_close,400050.00,-957.00,100.00,-1057.00,
200,2020-07-02,Thursday,TRADED,,2020-07-02,10512.60,10500,10450,-1,10650,10250,75,4,300,0.54,2.40,4.32,2020-07-02T15:20:00+05:30,0.05,day_close,1.30,2.34,2020-07-02T15:20:00+05:30,0.05,day_close,411750.00,480.00,100.00,380.00,
200,2020-07-09,Thursday,TRADED,,2020-07-09,10754.20,10750,10750,0,10950,10550,75,4,300,0.54,1.05,1.89,2020-07-09T15:20:00+05:30,0.05,day_close,1.95,3.51,2020-07-09T15:20:00+05:30,0.05,day_close,423450.00,270.00,100.00,170.00,
200,2020-07-16,Thursday,TRADED,,2020-07-16,10624.00,10600,10650,1,10850,10450,75,4,300,0.41,1.35,2.43,2020-07-16T15:20:00+05:30,0.10,day_close,3.30,5.94,2020-07-16T15:20:00+05:30,0.05,day_close,419550.00,750.00,100.00,650.00,
200,2020-07-23,Thursday,TRADED,,2020-07-23,11163.80,11150,11100,-1,11300,10900,75,4,300,0.95,0.95,1.71,2020-07-23T11:38:00+05:30,1.71,sl,0.90,1.62,2020-07-23T15:20:00+05:30,0.05,day_close,437100.00,-573.00,100.00,-673.00,
200,2020-07-30,Thursday,TRADED,,2020-07-30,11268.50,11250,11250,0,11450,11050,75,4,300,0.60,0.60,1.08,2020-07-30T15:20:00+05:30,0.05,day_close,1.00,1.80,2020-07-30T12:59:00+05:30,1.80,sl,442950.00,-675.00,100.00,-775.00,
200,2020-08-06,Thursday,TRADED,,2020-08-06,11161.70,11150,11100,-1,11300,10900,75,4,300,0.51,3.55,6.39,2020-08-06T10:19:00+05:30,6.39,sl,1.80,3.24,2020-08-06T11:07:00+05:30,3.24,sl,437100.00,-1884.00,100.00,-1984.00,
200,2020-08-13,Thursday,TRADED,,2020-08-13,11352.50,11350,11300,-1,11500,11100,75,4,300,0.71,1.05,1.89,2020-08-13T15:20:00+05:30,0.05,day_close,0.75,1.35,2020-08-13T15:20:00+05:30,0.05,day_close,444900.00,-90.00,100.00,-190.00,
200,2020-08-20,Thursday,TRADED,,2020-08-20,11321.80,11300,11300,0,11500,11100,75,4,300,1.00,0.90,1.62,2020-08-20T15:20:00+05:30,0.05,day_close,0.90,1.62,2020-08-20T15:20:00+05:30,0.05,day_close,444900.00,-90.00,100.00,-190.00,
200,2020-08-27,Thursday,TRADED,,2020-08-27,11600.30,11600,11550,-1,11750,11350,75,4,300,0.44,0.35,0.63,2020-08-27T15:20:00+05:30,0.05,day_close,0.80,1.44,2020-08-27T15:20:00+05:30,0.05,day_close,454650.00,-285.00,100.00,-385.00,
200,2020-09-03,Thursday,TRADED,,2020-09-03,11562.50,11550,11500,-1,11700,11300,75,4,300,0.56,1.25,2.25,2020-09-03T15:20:00+05:30,0.05,day_close,0.70,1.26,2020-09-03T15:20:00+05:30,0.05,day_close,452700.00,-45.00,100.00,-145.00,
200,2020-09-10,Thursday,TRADED,,2020-09-10,11346.30,11350,11300,-1,11500,11100,75,4,300,0.85,0.65,1.17,2020-09-10T11:15:00+05:30,1.17,sl,0.55,0.99,2020-09-10T15:20:00+05:30,0.10,day_close,444900.00,-621.00,100.00,-721.00,
200,2020-09-17,Thursday,TRADED,,2020-09-17,11557.40,11550,11500,-1,11700,11300,75,4,300,0.93,0.70,1.26,2020-09-17T15:20:00+05:30,0.05,day_close,0.65,1.17,2020-09-17T15:20:00+05:30,0.05,day_close,452700.00,-225.00,100.00,-325.00,
200,2020-09-24,Thursday,TRADED,,2020-09-24,10988.10,11000,11000,0,11200,10800,75,4,300,0.87,1.50,2.70,2020-09-24T15:20:00+05:30,0.10,day_close,1.30,2.34,2020-09-24T10:33:00+05:30,2.34,sl,433200.00,-492.00,100.00,-592.00,
200,2020-10-01,Thursday,TRADED,,2020-10-01,11369.20,11350,11300,-1,11500,11100,75,4,300,0.67,0.90,1.62,2020-10-01T11:30:00+05:30,1.62,sl,0.60,1.08,2020-10-01T15:20:00+05:30,0.05,day_close,444900.00,-651.00,100.00,-751.00,
200,2020-10-08,Thursday,TRADED,,2020-10-08,11842.90,11850,11800,-1,12000,11600,75,4,300,0.78,0.70,1.26,2020-10-08T15:20:00+05:30,0.05,day_close,0.90,1.62,2020-10-08T15:20:00+05:30,0.05,day_close,464400.00,-150.00,100.00,-250.00,
200,2020-10-15,Thursday,TRADED,,2020-10-15,11951.20,11950,11950,0,12150,11750,75,4,300,0.84,0.80,1.44,2020-10-15T15:20:00+05:30,0.05,day_close,0.95,1.71,2020-10-15T13:04:00+05:30,1.71,sl,470250.00,-603.00,100.00,-703.00,
200,2020-10-22,Thursday,TRADED,,2020-10-22,11934.00,11950,11900,-1,12100,11700,75,4,300,0.68,2.95,5.31,2020-10-22T15:20:00+05:30,0.05,day_close,4.35,7.83,2020-10-22T09:26:00+05:30,7.83,sl,468300.00,-774.00,100.00,-874.00,
200,2020-10-29,Thursday,TRADED,,2020-10-29,11616.00,11600,11600,0,11800,11400,75,4,300,0.78,4.65,8.37,2020-10-29T10:00:00+05:30,8.37,sl,6.00,10.80,2020-10-29T15:20:00+05:30,0.05,day_close,456600.00,69.00,100.00,-31.00,
200,2020-11-05,Thursday,TRADED,,2020-11-05,12052.60,12050,12000,-1,12200,11800,75,4,300,0.81,4.50,8.10,2020-11-05T15:20:00+05:30,0.05,day_close,3.65,6.57,2020-11-05T15:20:00+05:30,0.05,day_close,472200.00,1815.00,100.00,1715.00,
200,2020-11-12,Thursday,TRADED,,2020-11-12,12722.80,12700,12700,0,12900,12500,75,4,300,0.87,3.05,5.49,2020-11-12T15:20:00+05:30,0.05,day_close,2.65,4.77,2020-11-12T15:20:00+05:30,0.05,day_close,499500.00,1080.00,100.00,980.00,
200,2020-11-19,Thursday,TRADED,,2020-11-19,12889.70,12900,12850,-1,13050,12650,75,4,300,0.87,0.70,1.26,2020-11-19T09:42:00+05:30,1.26,sl,0.80,1.44,2020-11-19T14:20:00+05:30,1.44,sl,505350.00,-960.00,100.00,-1060.00,
200,2020-11-26,Thursday,TRADED,,2020-11-26,12877.00,12900,12850,-1,13050,12650,75,4,300,0.75,2.65,4.77,2020-11-26T15:20:00+05:30,0.10,day_close,2.00,3.60,2020-11-26T09:43:00+05:30,3.60,sl,505350.00,-315.00,100.00,-415.00,
200,2020-12-03,Thursday,TRADED,,2020-12-03,13173.60,13150,13100,-1,13300,12900,75,4,300,0.79,2.80,5.04,2020-12-03T15:20:00+05:30,0.05,day_close,2.20,3.96,2020-12-03T15:20:00+05:30,0.05,day_close,515100.00,870.00,100.00,770.00,
200,2020-12-10,Thursday,TRADED,,2020-12-10,13479.40,13500,13450,-1,13650,13250,75,4,300,0.56,1.50,2.70,2020-12-10T15:20:00+05:30,0.05,day_close,2.70,4.86,2020-12-10T09:39:00+05:30,4.86,sl,528750.00,-813.00,100.00,-913.00,
200,2020-12-17,Thursday,TRADED,,2020-12-17,13696.20,13700,13650,-1,13850,13450,75,4,300,0.39,0.90,1.62,2020-12-17T13:33:00+05:30,1.62,sl,2.30,4.14,2020-12-17T15:20:00+05:30,0.05,day_close,536550.00,-141.00,100.00,-241.00,
200,2020-12-24,Thursday,TRADED,,2020-12-24,13684.20,13700,13650,-1,13850,13450,75,4,300,0.61,1.35,2.43,2020-12-24T10:14:00+05:30,2.43,sl,2.20,3.96,2020-12-24T11:13:00+05:30,3.96,sl,536550.00,-1452.00,100.00,-1552.00,
200,2020-12-31,Thursday,TRADED,,2020-12-31,13966.90,13950,13900,-1,14100,13700,75,4,300,0.57,3.75,6.75,2020-12-31T15:20:00+05:30,0.05,day_close,2.15,3.87,2020-12-31T15:20:00+05:30,0.05,day_close,546300.00,1140.00,100.00,1040.00,
200,2021-01-07,Thursday,TRADED,,2021-01-07,14234.90,14250,14150,-2,14350,13950,75,4,300,0.56,3.50,6.30,2021-01-07T15:20:00+05:30,0.05,day_close,1.95,3.51,2021-01-07T15:20:00+05:30,0.05,day_close,556050.00,1005.00,100.00,905.00,
200,2021-01-14,Thursday,TRADED,,2021-01-14,14542.70,14550,14500,-1,14700,14300,75,4,300,0.98,2.40,4.32,2021-01-14T15:20:00+05:30,0.05,day_close,2.35,4.23,2021-01-14T09:39:00+05:30,4.23,sl,569700.00,-459.00,100.00,-559.00,
200,2021-01-21,Thursday,TRADED,,2021-01-21,14725.50,14750,14650,-2,14850,14450,75,4,300,0.87,1.55,2.79,2021-01-21T15:20:00+05:30,0.05,day_close,1.35,2.43,2021-01-21T15:07:00+05:30,2.43,sl,575550.00,-474.00,100.00,-574.00,
200,2021-01-28,Thursday,TRADED,,2021-01-28,13833.00,13850,13800,-1,14000,13600,75,4,300,0.88,8.90,16.02,2021-01-28T09:37:00+05:30,16.02,sl,7.85,14.13,2021-01-28T15:20:00+05:30,0.10,day_close,542400.00,-411.00,100.00,-511.00,
200,2021-02-04,Thursday,TRADED,,2021-02-04,14770.20,14750,14700,-1,14900,14500,75,4,300,0.76,9.30,16.74,2021-02-04T14:06:00+05:30,16.74,sl,7.10,12.78,2021-02-04T15:20:00+05:30,0.15,day_close,577500.00,-747.00,100.00,-847.00,
200,2021-02-11,Thursday,TRADED,,2021-02-11,15092.60,15100,15050,-1,15250,14850,75,4,300,0.72,5.10,9.18,2021-02-11T09:46:00+05:30,9.18,sl,7.05,12.69,2021-02-11T15:20:00+05:30,0.15,day_close,591150.00,246.00,100.00,146.00,
200,2021-02-18,Thursday,TRADED,,2021-02-18,15227.10,15250,15200,-1,15400,15000,75,4,300,0.62,2.65,4.77,2021-02-18T15:20:00+05:30,0.10,day_close,4.25,7.65,2021-02-18T12:18:00+05:30,7.65,sl,597000.00,-855.00,100.00,-955.00,
200,2021-02-25,Thursday,TRADED,,2021-02-25,15146.10,15150,15100,-1,15300,14900,75,4,300,0.80,7.05,12.69,2021-02-25T15:20:00+05:30,0.10,day_close,5.65,10.17,2021-02-25T15:20:00+05:30,0.15,day_close,593100.00,3135.00,100.00,3035.00,
200,2021-03-04,Thursday,TRADED,,2021-03-04,15062.20,15050,15000,-1,15200,14800,75,4,300,0.90,12.10,21.78,2021-03-04T11:17:00+05:30,21.78,sl,13.40,24.12,2021-03-04T15:20:00+05:30,0.15,day_close,589200.00,471.00,100.00,371.00,
200,2021-03-10,Wednesday,TRADED,,2021-03-10,15194.50,15200,15150,-1,15350,14950,75,4,300,0.95,3.90,7.02,2021-03-10T15:20:00+05:30,0.15,day_close,4.10,7.38,2021-03-10T15:20:00+05:30,0.10,day_close,595050.00,1725.00,100.00,1625.00,
200,2021-03-18,Thursday,TRADED,,2021-03-18,14837.00,14850,14900,1,15100,14700,75,4,300,0.25,2.85,5.13,2021-03-18T15:20:00+05:30,0.10,day_close,11.30,20.34,2021-03-18T13:07:00+05:30,20.34,sl,585300.00,-2487.00,100.00,-2587.00,
200,2021-03-25,Thursday,TRADED,,2021-03-25,14481.40,14500,14450,-1,14650,14250,75,4,300,0.82,10.10,18.18,2021-03-25T15:20:00+05:30,0.15,day_close,8.30,14.94,2021-03-25T10:22:00+05:30,14.94,sl,567750.00,393.00,100.00,293.00,
200,2021-04-01,Thursday,TRADED,,2021-04-01,14808.80,14800,14800,0,15000,14600,75,4,300,0.76,5.60,10.08,2021-04-01T15:20:00+05:30,0.05,day_close,7.40,13.32,2021-04-01T10:29:00+05:30,13.32,sl,581400.00,-711.00,100.00,-811.00,
200,2021-04-08,Thursday,TRADED,,2021-04-08,14928.80,14950,14900,-1,15100,14700,75,4,300,0.61,3.40,6.12,2021-04-08T15:20:00+05:30,0.05,day_close,5.55,9.99,2021-04-08T15:20:00+05:30,0.05,day_close,585300.00,2055.00,100.00,1955.00,
200,2021-04-15,Thursday,TRADED,,2021-04-15,14544.00,14550,14500,-1,14700,14300,75,4,300,0.97,8.25,14.85,2021-04-15T15:20:00+05:30,0.10,day_close,8.00,14.40,2021-04-15T09:35:00+05:30,14.40,sl,569700.00,-75.00,100.00,-175.00,
200,2021-04-22,Thursday,TRADED,,2021-04-22,14163.30,14150,14100,-1,14300,13900,75,4,300,0.62,11.80,21.24,2021-04-22T09:23:00+05:30,21.24,sl,7.35,13.23,2021-04-22T15:20:00+05:30,0.05,day_close,554100.00,-1242.00,100.00,-1342.00,
200,2021-04-29,Thursday,TRADED,,2021-04-29,15033.00,15050,15000,-1,15200,14800,75,4,300,0.83,5.75,10.35,2021-04-29T15:20:00+05:30,0.05,day_close,6.90,12.42,2021-04-29T09:48:00+05:30,12.42,sl,589200.00,-546.00,100.00,-646.00,
200,2021-05-06,Thursday,TRADED,,2021-05-06,14646.70,14650,14600,-1,14800,14400,75,4,300,0.97,5.85,10.53,2021-05-06T15:20:00+05:30,0.05,day_close,5.70,10.26,2021-05-06T15:20:00+05:30,0.05,day_close,573600.00,2835.00,100.00,2735.00,
200,2021-05-12,Wednesday,TRADED,,2021-05-12,14798.40,14800,14800,0,15000,14600,75,4,300,0.65,2.55,4.59,2021-05-12T15:20:00+05:30,0.10,day_close,3.95,7.11,2021-05-12T09:36:00+05:30,7.50,gap_sl,581400.00,-930.00,100.00,-1030.00,
200,2021-05-20,Thursday,TRADED,,2021-05-20,15053.50,15050,15000,-1,15200,14800,75,4,300,0.82,3.10,5.58,2021-05-20T15:20:00+05:30,0.10,day_close,2.55,4.59,2021-05-20T09:30:00+05:30,4.59,sl,589200.00,-312.00,100.00,-412.00,
200,2021-05-27,Thursday,TRADED,,2021-05-27,15300.40,15300,15250,-1,15450,15050,75,4,300,0.88,2.90,5.22,2021-05-27T15:20:00+05:30,0.10,day_close,3.30,5.94,2021-05-27T15:20:00+05:30,0.15,day_close,598950.00,1185.00,100.00,1085.00,
200,2021-06-03,Thursday,TRADED,,2021-06-03,15659.30,15650,15600,-1,15800,15400,75,4,300,0.93,2.50,4.50,2021-06-03T15:20:00+05:30,0.05,day_close,2.70,4.86,2021-06-03T15:20:00+05:30,0.05,day_close,612600.00,930.00,100.00,830.00,
200,2021-06-10,Thursday,TRADED,,2021-06-10,15688.40,15700,15650,-1,15850,15450,75,4,300,0.75,2.05,3.69,2021-06-10T15:20:00+05:30,0.10,day_close,2.75,4.95,2021-06-10T15:20:00+05:30,0.10,day_close,614550.00,780.00,100.00,680.00,
200,2021-06-17,Thursday,TRADED,,2021-06-17,15683.30,15700,15650,-1,15850,15450,75,4,300,0.80,4.30,7.74,2021-06-17T10:42:00+05:30,7.74,sl,3.45,6.21,2021-06-17T15:20:00+05:30,0.05,day_close,614550.00,-612.00,100.00,-712.00,
200,2021-06-24,Thursday,TRADED,,2021-06-24,15731.50,15750,15700,-1,15900,15500,75,4,300,0.92,3.25,5.85,2021-06-24T15:20:00+05:30,0.05,day_close,3.55,6.39,2021-06-24T15:20:00+05:30,0.10,day_close,616500.00,1395.00,100.00,1295.00,
200,2021-07-01,Thursday,TRADED,,2021-07-01,15724.20,15700,15750,1,15950,15550,75,4,300,0.73,1.35,2.43,2021-07-01T15:20:00+05:30,0.05,day_close,1.85,3.33,2021-07-01T10:52:00+05:30,3.33,sl,618450.00,-654.00,100.00,-754.00,
200,2021-07-08,Thursday,TRADED,,2021-07-08,15870.70,15850,15800,-1,16000,15600,75,4,300,0.74,2.50,4.50,2021-07-08T15:20:00+05:30,0.15,day_close,1.85,3.33,2021-07-08T14:00:00+05:30,3.33,sl,620400.00,-339.00,100.00,-439.00,
200,2021-07-15,Thursday,TRADED,,2021-07-15,15877.20,15900,15800,-2,16000,15600,75,4,300,0.90,1.75,3.15,2021-07-15T10:40:00+05:30,3.15,sl,1.95,3.51,2021-07-15T15:20:00+05:30,0.05,day_close,620400.00,-450.00,100.00,-550.00,
200,2021-07-22,Thursday,TRADED,,2021-07-22,15753.00,15750,15750,0,15950,15550,75,4,300,0.82,1.85,3.33,2021-07-22T15:20:00+05:30,0.05,day_close,2.25,4.05,2021-07-22T15:20:00+05:30,0.10,day_close,618450.00,585.00,100.00,485.00,
200,2021-07-29,Thursday,TRADED,,2021-07-29,15772.60,15750,15700,-1,15900,15500,75,4,300,0.69,2.90,5.22,2021-07-29T15:20:00+05:30,0.05,day_close,2.00,3.60,2021-07-29T15:20:00+05:30,0.10,day_close,616500.00,825.00,100.00,725.00,
200,2021-08-05,Thursday,TRADED,,2021-08-05,16267.50,16250,16200,-1,16400,16000,75,4,300,0.70,2.25,4.05,2021-08-05T12:55:00+05:30,4.05,sl,3.20,5.76,2021-08-05T15:20:00+05:30,0.10,day_close,636000.00,-210.00,100.00,-310.00,
200,2021-08-12,Thursday,TRADED,,2021-08-12,16323.80,16300,16250,-1,16450,16050,75,4,300,0.86,2.15,3.87,2021-08-12T15:20:00+05:30,0.05,day_close,2.50,4.50,2021-08-12T15:20:00+05:30,0.10,day_close,637950.00,750.00,100.00,650.00,
200,2021-08-18,Wednesday,TRADED,,2021-08-18,16675.10,16700,16600,-2,16800,16400,75,4,300,0.92,2.75,4.95,2021-08-18T15:20:00+05:30,0.10,day_close,3.00,5.40,2021-08-18T15:20:00+05:30,0.15,day_close,651600.00,1050.00,100.00,950.00,
200,2021-08-26,Thursday,TRADED,,2021-08-26,16619.80,16600,16600,0,16800,16400,75,4,300,0.65,1.30,2.34,2021-08-26T10:06:00+05:30,2.34,sl,2.00,3.60,2021-08-26T15:20:00+05:30,0.05,day_close,651600.00,-327.00,100.00,-427.00,
200,2021-09-02,Thursday,TRADED,,2021-09-02,17111.80,17100,17050,-1,17250,16850,75,4,300,0.68,3.90,7.02,2021-09-02T14:27:00+05:30,7.02,sl,2.65,4.77,2021-09-02T15:20:00+05:30,0.05,day_close,669150.00,-756.00,100.00,-856.00,
200,2021-09-09,Thursday,TRADED,,2021-09-09,17345.10,17350,17300,-1,17500,17100,75,4,300,0.88,2.10,3.78,2021-09-09T15:20:00+05:30,0.05,day_close,2.40,4.32,2021-09-09T15:20:00+05:30,0.05,day_close,678900.00,720.00,100.00,620.00,
200,2021-09-16,Thursday,TRADED,,2021-09-16,17567.80,17550,17500,-1,17700,17300,75,4,300,0.91,2.00,3.60,2021-09-16T15:20:00+05:30,0.05,day_close,2.20,3.96,2021-09-16T15:20:00+05:30,0.15,day_close,686700.00,600.00,100.00,500.00,
200,2021-09-23,Thursday,TRADED,,2021-09-23,17656.50,17650,17600,-1,17800,17400,75,4,300,0.78,4.00,7.20,2021-09-23T10:00:00+05:30,7.20,sl,3.10,5.58,2021-09-23T15:20:00+05:30,0.10,day_close,690600.00,-660.00,100.00,-760.00,
200,2021-09-30,Thursday,TRADED,,2021-09-30,17689.20,17700,17700,0,17900,17500,75,4,300,0.61,4.75,8.55,2021-09-30T15:20:00+05:30,0.05,day_close,7.80,14.04,2021-09-30T15:20:00+05:30,0.10,day_close,694500.00,3120.00,100.00,3020.00,
200,2021-10-07,Thursday,TRADED,,2021-10-07,17790.90,17800,17750,-1,17950,17550,50,6,300,0.78,4.65,8.37,2021-10-07T15:20:00+05:30,0.05,day_close,3.65,6.57,2021-10-07T15:20:00+05:30,0.10,day_close,696450.00,1845.00,100.00,1745.00,
200,2021-10-14,Thursday,TRADED,,2021-10-14,18284.60,18300,18200,-2,18400,18000,50,6,300,0.79,4.00,7.20,2021-10-14T15:20:00+05:30,0.10,day_close,3.15,5.67,2021-10-14T15:20:00+05:30,0.05,day_close,714000.00,1500.00,100.00,1400.00,
200,2021-10-21,Thursday,TRADED,,2021-10-21,18339.50,18350,18300,-1,18500,18100,50,6,300,0.67,6.00,10.80,2021-10-21T15:20:00+05:30,0.20,day_close,4.05,7.29,2021-10-21T09:31:00+05:30,7.29,sl,717900.00,168.00,100.00,68.00,
200,2021-10-28,Thursday,TRADED,,2021-10-28,18141.70,18150,18100,-1,18300,17900,50,6,300,0.59,9.50,17.10,2021-10-28T15:20:00+05:30,0.20,day_close,5.60,10.08,2021-10-28T10:45:00+05:30,10.08,sl,710100.00,846.00,100.00,746.00,
200,2021-11-03,Wednesday,TRADED,,2021-11-03,17968.70,17950,17900,-1,18100,17700,50,6,300,0.60,8.25,14.85,2021-11-03T15:20:00+05:30,0.15,day_close,4.95,8.91,2021-11-03T13:14:00+05:30,8.91,sl,702300.00,642.00,100.00,542.00,
200,2021-11-11,Thursday,TRADED,,2021-11-11,17951.60,17950,17950,0,18150,17750,50,6,300,0.77,4.05,7.29,2021-11-11T15:20:00+05:30,0.10,day_close,5.25,9.45,2021-11-11T09:30:00+05:30,9.45,sl,704250.00,-675.00,100.00,-775.00,
200,2021-11-18,Thursday,TRADED,,2021-11-18,17934.90,17950,17900,-1,18100,17700,50,6,300,0.72,5.60,10.08,2021-11-18T15:20:00+05:30,0.10,day_close,4.05,7.29,2021-11-18T09:30:00+05:30,7.29,sl,702300.00,78.00,100.00,-22.00,
200,2021-11-25,Thursday,TRADED,,2021-11-25,17440.80,17450,17350,-2,17550,17150,50,6,300,0.57,10.95,19.71,2021-11-25T11:19:00+05:30,19.71,sl,6.25,11.25,2021-11-25T15:20:00+05:30,0.05,day_close,680850.00,-1368.00,100.00,-1468.00,
200,2021-12-02,Thursday,TRADED,,2021-12-02,17226.30,17250,17150,-2,17350,16950,50,6,300,0.84,11.80,21.24,2021-12-02T11:19:00+05:30,21.24,sl,9.90,17.82,2021-12-02T15:20:00+05:30,0.15,day_close,673050.00,-507.00,100.00,-607.00,
200,2021-12-09,Thursday,TRADED,,2021-12-09,17505.70,17500,17450,-1,17650,17250,50,6,300,0.61,6.30,11.34,2021-12-09T15:20:00+05:30,0.05,day_close,3.85,6.93,2021-12-09T09:24:00+05:30,6.93,sl,684750.00,351.00,100.00,251.00,
200,2021-12-16,Thursday,TRADED,,2021-12-16,17344.00,17350,17300,-1,17500,17100,50,6,300,0.64,7.70,13.86,2021-12-16T15:20:00+05:30,0.10,day_close,4.90,8.82,2021-12-16T09:57:00+05:30,8.82,sl,678900.00,504.00,100.00,404.00,
200,2021-12-23,Thursday,TRADED,,2021-12-23,17036.90,17050,17000,-1,17200,16800,50,6,300,0.94,4.70,8.46,2021-12-23T15:20:00+05:30,0.05,day_close,5.00,9.00,2021-12-23T15:20:00+05:30,0.05,day_close,667200.00,2280.00,100.00,2180.00,
200,2021-12-30,Thursday,TRADED,,2021-12-30,17205.00,17200,17150,-1,17350,16950,50,6,300,0.95,3.05,5.49,2021-12-30T15:20:00+05:30,0.05,day_close,2.90,5.22,2021-12-30T15:20:00+05:30,0.05,day_close,673050.00,1155.00,100.00,1055.00,
200,2022-01-06,Thursday,TRADED,,2022-01-06,17747.00,17750,17700,-1,17900,17500,50,6,300,0.95,5.40,9.72,2022-01-06T15:20:00+05:30,0.05,day_close,5.70,10.26,2022-01-06T15:20:00+05:30,0.05,day_close,694500.00,2700.00,100.00,2600.00,
200,2022-01-13,Thursday,TRADED,,2022-01-13,18238.80,18250,18200,-1,18400,18000,50,6,300,0.70,2.30,4.14,2022-01-13T15:20:00+05:30,0.05,day_close,3.30,5.94,2022-01-13T15:20:00+05:30,0.10,day_close,714000.00,1035.00,100.00,935.00,
200,2022-01-20,Thursday,TRADED,,2022-01-20,17913.10,17900,17900,0,18100,17700,50,6,300,0.86,3.15,5.67,2022-01-20T15:20:00+05:30,0.10,day_close,2.70,4.86,2022-01-20T10:46:00+05:30,4.86,sl,702300.00,-333.00,100.00,-433.00,
200,2022-01-27,Thursday,TRADED,,2022-01-27,16985.30,17000,16950,-1,17150,16750,50,6,300,0.74,23.35,42.03,2022-01-27T15:20:00+05:30,0.15,day_close,31.50,56.70,2022-01-27T15:20:00+05:30,0.20,day_close,665250.00,15750.00,100.00,15650.00,
200,2022-02-03,Thursday,TRADED,,2022-02-03,17750.70,17750,17750,0,17950,17550,50,6,300,0.66,2.90,5.22,2022-02-03T15:20:00+05:30,0.10,day_close,4.40,7.92,2022-02-03T11:40:00+05:30,7.92,sl,696450.00,-816.00,100.00,-916.00,
200,2022-02-10,Thursday,TRADED,,2022-02-10,17501.20,17500,17500,0,17700,17300,50,6,300,0.61,3.45,6.21,2022-02-10T15:20:00+05:30,0.05,day_close,5.70,10.26,2022-02-10T09:37:00+05:30,10.26,sl,686700.00,-948.00,100.00,-1048.00,
200,2022-02-17,Thursday,TRADED,,2022-02-17,17422.10,17400,17350,-1,17550,17150,50,6,300,0.66,9.50,17.10,2022-02-17T15:20:00+05:30,0.05,day_close,6.25,11.25,2022-02-17T09:27:00+05:30,11.25,sl,680850.00,735.00,100.00,635.00,
200,2022-02-24,Thursday,TRADED,,2022-02-24,16674.00,16650,16600,-1,16800,16400,50,6,300,0.79,47.25,85.05,2022-02-24T15:20:00+05:30,0.10,day_close,37.55,67.59,2022-02-24T09:47:00+05:30,67.59,sl,651600.00,4533.00,100.00,4433.00,
200,2022-03-03,Thursday,TRADED,,2022-03-03,16723.30,16700,16650,-1,16850,16450,50,6,300,0.69,20.65,37.17,2022-03-03T15:20:00+05:30,0.15,day_close,14.20,25.56,2022-03-03T10:08:00+05:30,25.56,sl,653550.00,2142.00,100.00,2042.00,
200,2022-03-10,Thursday,TRADED,,2022-03-10,16679.10,16700,16650,-1,16850,16450,50,6,300,0.71,19.10,34.38,2022-03-10T15:20:00+05:30,0.05,day_close,13.65,24.57,2022-03-10T13:52:00+05:30,24.57,sl,653550.00,1839.00,100.00,1739.00,
200,2022-03-17,Thursday,TRADED,,2022-03-17,17219.10,17200,17200,0,17400,17000,50,6,300,0.59,8.40,15.12,2022-03-17T12:40:00+05:30,15.20,gap_sl,14.20,25.56,2022-03-17T15:20:00+05:30,0.05,day_close,675000.00,1605.00,100.00,1505.00,
200,2022-03-24,Thursday,TRADED,,2022-03-24,17156.90,17150,17150,0,17350,16950,50,6,300,0.74,8.85,15.93,2022-03-24T09:36:00+05:30,15.93,sl,12.00,21.60,2022-03-24T15:20:00+05:30,0.10,day_close,673050.00,846.00,100.00,746.00,
200,2022-03-31,Thursday,TRADED,,2022-03-31,17533.80,17550,17450,-2,17650,17250,50,6,300,0.49,7.30,13.14,2022-03-31T15:20:00+05:30,0.05,day_close,3.55,6.39,2022-03-31T15:20:00+05:30,0.05,day_close,684750.00,2625.00,100.00,2525.00,
200,2022-04-07,Thursday,TRADED,,2022-04-07,17736.40,17750,17750,0,17950,17550,50,6,300,0.71,2.70,4.86,2022-04-07T15:20:00+05:30,0.05,day_close,3.80,6.84,2022-04-07T15:20:00+05:30,0.05,day_close,696450.00,1320.00,100.00,1220.00,
200,2022-04-13,Wednesday,TRADED,,2022-04-13,17622.90,17600,17600,0,17800,17400,50,6,300,0.79,1.85,3.33,2022-04-13T09:26:00+05:30,3.33,sl,2.35,4.23,2022-04-13T10:04:00+05:30,4.45,gap_sl,690600.00,-1674.00,100.00,-1774.00,
200,2022-04-21,Thursday,TRADED,,2022-04-21,17245.90,17250,17200,-1,17400,17000,50,6,300,0.62,2.50,4.50,2022-04-21T11:03:00+05:30,4.50,sl,4.00,7.20,2022-04-21T15:20:00+05:30,0.10,day_close,675000.00,-30.00,100.00,-130.00,
200,2022-04-28,Thursday,TRADED,,2022-04-28,17121.30,17100,17100,0,17300,16900,50,6,300,0.77,5.55,9.99,2022-04-28T13:58:00+05:30,9.99,sl,4.25,7.65,2022-04-28T15:20:00+05:30,0.10,day_close,671100.00,-687.00,100.00,-787.00,
200,2022-05-05,Thursday,TRADED,,2022-05-05,16824.10,16800,16800,0,17000,16600,50,6,300,0.75,10.20,18.36,2022-05-05T10:06:00+05:30,18.36,sl,7.65,13.77,2022-05-05T09:24:00+05:30,13.77,sl,659400.00,-4884.00,100.00,-4984.00,
200,2022-05-12,Thursday,TRADED,,2022-05-12,15961.30,15950,15950,0,16150,15750,50,6,300,0.88,12.15,21.87,2022-05-12T15:20:00+05:30,0.05,day_close,10.65,19.17,2022-05-12T09:30:00+05:30,19.17,sl,626250.00,474.00,100.00,374.00,
200,2022-05-19,Thursday,TRADED,,2022-05-19,15925.00,15900,15850,-1,16050,15650,50,6,300,0.68,19.05,34.29,2022-05-19T15:20:00+05:30,0.10,day_close,13.00,23.40,2022-05-19T15:20:00+05:30,0.05,day_close,622350.00,8970.00,100.00,8870.00,
200,2022-05-26,Thursday,TRADED,,2022-05-26,16087.10,16100,16050,-1,16250,15850,50,6,300,0.74,10.00,18.00,2022-05-26T15:20:00+05:30,0.10,day_close,7.40,13.32,2022-05-26T10:27:00+05:30,13.32,sl,630150.00,594.00,100.00,494.00,
200,2022-06-02,Thursday,TRADED,,2022-06-02,16460.80,16450,16450,0,16650,16250,50,6,300,0.73,5.70,10.26,2022-06-02T09:27:00+05:30,10.26,sl,7.80,14.04,2022-06-02T15:20:00+05:30,0.15,day_close,645750.00,327.00,100.00,227.00,
200,2022-06-09,Thursday,TRADED,,2022-06-09,16285.00,16300,16250,-1,16450,16050,50,6,300,0.56,6.10,10.98,2022-06-09T10:23:00+05:30,10.98,sl,3.40,6.12,2022-06-09T15:20:00+05:30,0.05,day_close,637950.00,-1059.00,100.00,-1159.00,
200,2022-06-16,Thursday,TRADED,,2022-06-16,15843.80,15850,15850,0,16050,15650,50,6,300,0.63,4.25,7.65,2022-06-16T15:20:00+05:30,0.05,day_close,6.70,12.06,2022-06-16T09:57:00+05:30,12.06,sl,622350.00,-948.00,100.00,-1048.00,
200,2022-06-23,Thursday,TRADED,,2022-06-23,15469.50,15450,15450,0,15650,15250,50,6,300,0.77,7.10,12.78,2022-06-23T09:25:00+05:30,12.78,sl,9.25,16.65,2022-06-23T15:20:00+05:30,0.05,day_close,606750.00,456.00,100.00,356.00,
200,2022-06-30,Thursday,TRADED,,2022-06-30,15854.80,15850,15800,-1,16000,15600,50,6,300,0.68,16.55,29.79,2022-06-30T15:20:00+05:30,0.05,day_close,11.20,20.16,2022-06-30T15:20:00+05:30,0.10,day_close,620400.00,7680.00,100.00,7580.00,
200,2022-07-07,Thursday,TRADED,,2022-07-07,16114.20,16100,16050,-1,16250,15850,50,6,300,0.61,10.45,18.81,2022-07-07T15:20:00+05:30,0.05,day_close,6.40,11.52,2022-07-07T15:20:00+05:30,0.05,day_close,630150.00,4425.00,100.00,4325.00,
200,2022-07-14,Thursday,TRADED,,2022-07-14,16025.70,16050,16000,-1,16200,15800,50,6,300,0.96,6.35,11.43,2022-07-14T15:20:00+05:30,0.05,day_close,6.60,11.88,2022-07-14T15:20:00+05:30,0.05,day_close,628200.00,3255.00,100.00,3155.00,
200,2022-07-21,Thursday,TRADED,,2022-07-21,16512.60,16500,16450,-1,16650,16250,50,6,300,0.52,4.15,7.47,2022-07-21T09:53:00+05:30,7.47,sl,2.15,3.87,2022-07-21T15:20:00+05:30,0.05,day_close,645750.00,-966.00,100.00,-1066.00,
200,2022-07-28,Thursday,TRADED,,2022-07-28,16775.90,16800,16750,-1,16950,16550,50,6,300,0.68,3.15,5.67,2022-07-28T10:21:00+05:30,5.67,sl,4.60,8.28,2022-07-28T15:20:00+05:30,0.05,day_close,657450.00,9.00,100.00,-91.00,
200,2022-08-04,Thursday,TRADED,,2022-08-04,17464.60,17450,17450,0,17650,17250,50,6,300,0.53,3.10,5.58,2022-08-04T15:20:00+05:30,0.05,day_close,5.85,10.53,2022-08-04T11:16:00+05:30,10.53,sl,684750.00,-1089.00,100.00,-1189.00,
200,2022-08-11,Thursday,TRADED,,2022-08-11,17690.00,17700,17650,-1,17850,17450,50,6,300,0.96,5.15,9.27,2022-08-11T15:20:00+05:30,0.05,day_close,4.95,8.91,2022-08-11T11:28:00+05:30,8.91,sl,692550.00,-258.00,100.00,-358.00,
200,2022-08-18,Thursday,TRADED,,2022-08-18,17915.30,17900,17850,-1,18050,17650,50,6,300,0.54,6.45,11.61,2022-08-18T15:20:00+05:30,0.05,day_close,3.50,6.30,2022-08-18T15:20:00+05:30,0.05,day_close,700350.00,2355.00,100.00,2255.00,
200,2022-08-25,Thursday,TRADED,,2022-08-25,17672.10,17650,17650,0,17850,17450,50,6,300,0.77,3.15,5.67,2022-08-25T15:20:00+05:30,0.10,day_close,4.10,7.38,2022-08-25T15:02:00+05:30,7.38,sl,692550.00,-669.00,100.00,-769.00,
200,2022-09-01,Thursday,TRADED,,2022-09-01,17553.80,17550,17550,0,17750,17350,50,6,300,0.61,9.60,17.28,2022-09-01T09:41:00+05:30,17.28,sl,15.65,28.17,2022-09-01T15:20:00+05:30,0.05,day_close,688650.00,1776.00,100.00,1676.00,
200,2022-09-08,Thursday,TRADED,,2022-09-08,17733.80,17750,17700,-1,17900,17500,50,6,300,0.70,4.75,8.55,2022-09-08T09:25:00+05:30,8.55,sl,6.80,12.24,2022-09-08T15:20:00+05:30,0.10,day_close,694500.00,270.00,100.00,170.00,
200,2022-09-15,Thursday,TRADED,,2022-09-15,18083.80,18100,18050,-1,18250,17850,50,6,300,0.65,5.25,9.45,2022-09-15T15:20:00+05:30,0.10,day_close,8.10,14.58,2022-09-15T09:40:00+05:30,14.58,sl,708150.00,-999.00,100.00,-1099.00,
200,2022-09-22,Thursday,TRADED,,2022-09-22,17626.60,17650,17600,-1,17800,17400,50,6,300,0.87,18.45,33.21,2022-09-22T15:20:00+05:30,0.10,day_close,16.10,28.98,2022-09-22T15:20:00+05:30,0.05,day_close,690600.00,9720.00,100.00,9620.00,
200,2022-09-29,Thursday,TRADED,,2022-09-29,17005.90,17000,17000,0,17200,16800,50,6,300,0.88,6.00,10.80,2022-09-29T15:20:00+05:30,0.05,day_close,6.80,12.24,2022-09-29T09:31:00+05:30,12.24,sl,667200.00,-447.00,100.00,-547.00,
200,2022-10-06,Thursday,TRADED,,2022-10-06,17374.50,17350,17350,0,17550,17150,50,6,300,0.90,5.95,10.71,2022-10-06T15:20:00+05:30,0.05,day_close,6.60,11.88,2022-10-06T15:20:00+05:30,0.05,day_close,680850.00,3135.00,100.00,3035.00,
200,2022-10-13,Thursday,TRADED,,2022-10-13,17086.00,17100,17050,-1,17250,16850,50,6,300,0.90,6.70,12.06,2022-10-13T15:20:00+05:30,0.05,day_close,6.00,10.80,2022-10-13T15:20:00+05:30,0.05,day_close,669150.00,3180.00,100.00,3080.00,
200,2022-10-20,Thursday,TRADED,,2022-10-20,17450.00,17450,17400,-1,17600,17200,50,6,300,0.90,3.35,6.03,2022-10-20T09:25:00+05:30,6.03,sl,3.00,5.40,2022-10-20T15:20:00+05:30,0.10,day_close,682800.00,-534.00,100.00,-634.00,
200,2022-10-27,Thursday,TRADED,,2022-10-27,17756.10,17750,17750,0,17950,17550,50,6,300,0.98,2.50,4.50,2022-10-27T15:20:00+05:30,0.05,day_close,2.55,4.59,2022-10-27T15:20:00+05:30,0.05,day_close,696450.00,885.00,100.00,785.00,
200,2022-11-03,Thursday,TRADED,,2022-11-03,18021.80,18000,18000,0,18200,17800,50,6,300,0.72,4.35,7.83,2022-11-03T09:32:00+05:30,7.83,sl,6.00,10.80,2022-11-03T15:20:00+05:30,0.05,day_close,706200.00,141.00,100.00,41.00,
200,2022-11-10,Thursday,TRADED,,2022-11-10,18068.20,18050,18100,1,18300,17900,50,6,300,0.76,2.10,3.78,2022-11-10T15:20:00+05:30,0.05,day_close,2.75,4.95,2022-11-10T09:50:00+05:30,4.95,sl,710100.00,-645.00,100.00,-745.00,
200,2022-11-17,Thursday,TRADED,,2022-11-17,18381.20,18400,18350,-1,18550,18150,50,6,300,1.00,1.55,2.79,2022-11-17T15:20:00+05:30,0.05,day_close,1.55,2.79,2022-11-17T15:20:00+05:30,0.05,day_close,719850.00,300.00,100.00,200.00,
200,2022-11-24,Thursday,TRADED,,2022-11-24,18300.10,18300,18300,0,18500,18100,50,6,300,0.79,1.10,1.98,2022-11-24T15:20:00+05:30,0.90,day_close,1.40,2.52,2022-11-24T15:20:00+05:30,0.20,day_close,717900.00,-180.00,100.00,-280.00,
200,2022-12-01,Thursday,TRADED,,2022-12-01,18866.90,18850,18800,-1,19000,18600,50,6,300,0.60,4.20,7.56,2022-12-01T15:20:00+05:30,0.05,day_close,2.50,4.50,2022-12-01T15:20:00+05:30,0.10,day_close,737400.00,1365.00,100.00,1265.00,
200,2022-12-08,Thursday,TRADED,,2022-12-08,18552.40,18550,18600,1,18800,18400,50,6,300,0.64,2.15,3.87,2022-12-08T15:20:00+05:30,0.05,day_close,3.35,6.03,2022-12-08T15:20:00+05:30,0.05,day_close,729600.00,1020.00,100.00,920.00,
200,2022-12-15,Thursday,TRADED,,2022-12-15,18631.60,18650,18600,-1,18800,18400,50,6,300,0.86,1.85,3.33,2022-12-15T15:20:00+05:30,0.10,day_close,1.60,2.88,2022-12-15T14:37:00+05:30,2.88,sl,729600.00,-459.00,100.00,-559.00,
200,2022-12-22,Thursday,TRADED,,2022-12-22,18259.10,18250,18250,0,18450,18050,50,6,300,0.89,7.25,13.05,2022-12-22T15:20:00+05:30,0.05,day_close,6.45,11.61,2022-12-22T09:27:00+05:30,11.61,sl,715950.00,12.00,100.00,-88.00,
200,2022-12-29,Thursday,TRADED,,2022-12-29,18028.80,18050,18000,-1,18200,17800,50,6,300,0.96,3.80,6.84,2022-12-29T15:20:00+05:30,0.30,day_close,3.95,7.11,2022-12-29T15:20:00+05:30,0.05,day_close,706200.00,1620.00,100.00,1520.00,
200,2023-01-05,Thursday,TRADED,,2023-01-05,18062.80,18050,18050,0,18250,17850,50,6,300,0.63,5.10,9.18,2023-01-05T09:33:00+05:30,9.18,sl,3.20,5.76,2023-01-05T10:08:00+05:30,5.76,sl,708150.00,-2592.00,100.00,-2692.00,
200,2023-01-12,Thursday,TRADED,,2023-01-12,17913.80,17900,17900,0,18100,17700,50,6,300,0.55,8.50,15.30,2023-01-12T15:20:00+05:30,0.05,day_close,4.70,8.46,2023-01-12T10:16:00+05:30,8.46,sl,702300.00,807.00,100.00,707.00,
200,2023-01-19,Thursday,TRADED,,2023-01-19,18118.20,18100,18050,-1,18250,17850,50,6,300,0.71,5.45,9.81,2023-01-19T15:20:00+05:30,0.05,day_close,3.85,6.93,2023-01-19T15:20:00+05:30,0.05,day_close,708150.00,2160.00,100.00,2060.00,
200,2023-01-25,Wednesday,TRADED,,2023-01-25,18059.50,18050,18100,1,18300,17900,50,6,300,0.64,1.70,3.06,2023-01-25T15:20:00+05:30,0.10,day_close,2.65,4.77,2023-01-25T09:43:00+05:30,4.77,sl,710100.00,-756.00,100.00,-856.00,
200,2023-02-02,Thursday,TRADED,,2023-02-02,17474.40,17450,17450,0,17650,17250,50,6,300,0.82,22.05,39.69,2023-02-02T09:26:00+05:30,39.69,sl,18.15,32.67,2023-02-02T15:20:00+05:30,0.05,day_close,684750.00,-462.00,100.00,-562.00,
200,2023-02-09,Thursday,TRADED,,2023-02-09,17843.60,17850,17800,-1,18000,17600,50,6,300,0.62,5.45,9.81,2023-02-09T15:20:00+05:30,0.05,day_close,3.40,6.12,2023-02-09T15:20:00+05:30,0.05,day_close,698400.00,2025.00,100.00,1925.00,
200,2023-02-16,Thursday,TRADED,,2023-02-16,18096.60,18100,18050,-1,18250,17850,50,6,300,0.67,2.15,3.87,2023-02-16T15:20:00+05:30,0.05,day_close,3.20,5.76,2023-02-16T15:20:00+05:30,0.10,day_close,708150.00,960.00,100.00,860.00,
200,2023-02-23,Thursday,TRADED,,2023-02-23,17551.80,17550,17550,0,17750,17350,50,6,300,0.92,4.90,8.82,2023-02-23T15:20:00+05:30,0.05,day_close,4.50,8.10,2023-02-23T09:29:00+05:30,8.10,sl,688650.00,-225.00,100.00,-325.00,
200,2023-03-02,Thursday,TRADED,,2023-03-02,17432.10,17450,17400,-1,17600,17200,50,6,300,0.83,2.35,4.23,2023-03-02T15:20:00+05:30,0.05,day_close,1.95,3.51,2023-03-02T15:20:00+05:30,0.05,day_close,682800.00,660.00,100.00,560.00,
200,2023-03-09,Thursday,TRADED,,2023-03-09,17768.10,17750,17700,-1,17900,17500,50,6,300,0.62,2.90,5.22,2023-03-09T15:20:00+05:30,0.05,day_close,1.80,3.24,2023-03-09T15:20:00+05:30,0.05,day_close,694500.00,780.00,100.00,680.00,
200,2023-03-16,Thursday,TRADED,,2023-03-16,16926.10,16950,16950,0,17150,16750,50,6,300,0.64,5.40,9.72,2023-03-16T09:21:00+05:30,9.72,sl,8.45,15.21,2023-03-16T09:45:00+05:30,15.21,sl,665250.00,-3924.00,100.00,-4024.00,
200,2023-03-23,Thursday,TRADED,,2023-03-23,17078.10,17100,17050,-1,17250,16850,50,6,300,0.80,5.10,9.18,2023-03-23T10:22:00+05:30,9.18,sl,4.10,7.38,2023-03-23T15:20:00+05:30,0.05,day_close,669150.00,-609.00,100.00,-709.00,
200,2023-03-29,Wednesday,TRADED,,2023-03-29,16997.20,17000,16950,-1,17150,16750,50,6,300,0.52,4.15,7.47,2023-03-29T15:20:00+05:30,0.25,day_close,2.15,3.87,2023-03-29T15:20:00+05:30,0.05,day_close,665250.00,1200.00,100.00,1100.00,
200,2023-04-06,Thursday,TRADED,,2023-04-06,17522.40,17500,17500,0,17700,17300,50,6,300,0.58,1.60,2.88,2023-04-06T10:03:00+05:30,2.88,sl,2.75,4.95,2023-04-06T15:20:00+05:30,0.05,day_close,686700.00,-174.00,100.00,-274.00,
200,2023-04-13,Thursday,TRADED,,2023-04-13,17789.80,17800,17750,-1,17950,17550,50,6,300,0.70,2.15,3.87,2023-04-13T15:20:00+05:30,0.05,day_close,1.50,2.70,2023-04-13T15:20:00+05:30,0.10,day_close,696450.00,450.00,100.00,350.00,
200,2023-04-20,Thursday,TRADED,,2023-04-20,17653.10,17650,17650,0,17850,17450,50,6,300,0.71,1.10,1.98,2023-04-20T15:20:00+05:30,0.05,day_close,1.55,2.79,2023-04-20T15:20:00+05:30,0.05,day_close,692550.00,165.00,100.00,65.00,
200,2023-04-27,Thursday,TRADED,,2023-04-27,17810.70,17800,17800,0,18000,17600,50,6,300,0.70,1.15,2.07,2023-04-27T15:20:00+05:30,0.05,day_close,1.65,2.97,2023-04-27T15:20:00+05:30,0.10,day_close,698400.00,195.00,100.00,95.00,
200,2023-05-04,Thursday,TRADED,,2023-05-04,18099.30,18100,18050,-1,18250,17850,50,6,300,0.71,1.75,3.15,2023-05-04T13:05:00+05:30,3.15,sl,1.25,2.25,2023-05-04T15:20:00+05:30,0.05,day_close,708150.00,-660.00,100.00,-760.00,
200,2023-05-11,Thursday,TRADED,,2023-05-11,18324.20,18300,18300,0,18500,18100,50,6,300,0.90,1.75,3.15,2023-05-11T15:20:00+05:30,0.05,day_close,1.95,3.51,2023-05-11T15:20:00+05:30,0.05,day_close,717900.00,480.00,100.00,380.00,
200,2023-05-18,Thursday,TRADED,,2023-05-18,18269.90,18250,18250,0,18450,18050,50,6,300,0.76,1.90,3.42,2023-05-18T15:20:00+05:30,0.05,day_close,1.45,2.61,2023-05-18T15:20:00+05:30,0.05,day_close,715950.00,375.00,100.00,275.00,
200,2023-05-25,Thursday,TRADED,,2023-05-25,18292.30,18300,18250,-1,18450,18050,50,6,300,0.76,1.90,3.42,2023-05-25T15:20:00+05:30,0.10,day_close,1.45,2.61,2023-05-25T15:20:00+05:30,0.05,day_close,715950.00,360.00,100.00,260.00,
200,2023-06-01,Thursday,TRADED,,2023-06-01,18560.00,18550,18550,0,18750,18350,50,6,300,0.76,1.40,2.52,2023-06-01T15:20:00+05:30,0.05,day_close,1.85,3.33,2023-06-01T15:20:00+05:30,0.05,day_close,727650.00,345.00,100.00,245.00,
200,2023-06-08,Thursday,TRADED,,2023-06-08,18745.20,18750,18700,-1,18900,18500,50,6,300,0.65,1.30,2.34,2023-06-08T15:20:00+05:30,0.05,day_close,2.00,3.60,2023-06-08T15:20:00+05:30,0.05,day_close,733500.00,360.00,100.00,260.00,
200,2023-06-15,Thursday,TRADED,,2023-06-15,18731.70,18750,18700,-1,18900,18500,50,6,300,0.69,1.20,2.16,2023-06-15T10:24:00+05:30,2.16,sl,1.75,3.15,2023-06-15T15:20:00+05:30,0.05,day_close,733500.00,-378.00,100.00,-478.00,
200,2023-06-22,Thursday,TRADED,,2023-06-22,18846.80,18850,18800,-1,19000,18600,50,6,300,0.82,1.95,3.51,2023-06-22T10:27:00+05:30,3.51,sl,1.60,2.88,2023-06-22T15:20:00+05:30,0.05,day_close,737400.00,-603.00,100.00,-703.00,
200,2023-06-28,Wednesday,TRADED,,2023-06-28,18868.80,18850,18850,0,19050,18650,50,6,300,0.82,1.55,2.79,2023-06-28T10:40:00+05:30,2.79,sl,1.90,3.42,2023-06-28T15:20:00+05:30,0.05,day_close,739350.00,-417.00,100.00,-517.00,
200,2023-07-06,Thursday,TRADED,,2023-07-06,19400.90,19400,19350,-1,19550,19150,50,6,300,0.65,4.65,8.37,2023-07-06T10:08:00+05:30,8.37,sl,3.00,5.40,2023-07-06T15:20:00+05:30,0.05,day_close,758850.00,-831.00,100.00,-931.00,
200,2023-07-13,Thursday,TRADED,,2023-07-13,19484.90,19500,19450,-1,19650,19250,50,6,300,0.66,2.80,5.04,2023-07-13T10:09:00+05:30,5.04,sl,1.85,3.33,2023-07-13T15:20:00+05:30,0.05,day_close,762750.00,-732.00,100.00,-832.00,
200,2023-07-20,Thursday,TRADED,,2023-07-20,19799.30,19800,19800,0,20000,19600,50,6,300,0.69,3.15,5.67,2023-07-20T13:32:00+05:30,5.67,sl,4.55,8.19,2023-07-20T15:20:00+05:30,0.05,day_close,776400.00,-6.00,100.00,-106.00,
200,2023-07-27,Thursday,TRADED,,2023-07-27,19857.30,19850,19850,0,20050,19650,50,6,300,0.88,2.50,4.50,2023-07-27T15:20:00+05:30,0.10,day_close,2.85,5.13,2023-07-27T10:41:00+05:30,5.13,sl,778350.00,-564.00,100.00,-664.00,
200,2023-08-03,Thursday,TRADED,,2023-08-03,19487.40,19500,19450,-1,19650,19250,50,6,300,0.65,6.50,11.70,2023-08-03T09:24:00+05:30,11.70,sl,4.20,7.56,2023-08-03T13:02:00+05:30,7.56,sl,762750.00,-3168.00,100.00,-3268.00,
200,2023-08-10,Thursday,TRADED,,2023-08-10,19576.20,19600,19550,-1,19750,19350,50,6,300,0.85,4.15,7.47,2023-08-10T10:05:00+05:30,7.47,sl,4.90,8.82,2023-08-10T15:20:00+05:30,0.10,day_close,766650.00,-156.00,100.00,-256.00,
200,2023-08-17,Thursday,TRADED,,2023-08-17,19446.10,19450,19450,0,19650,19250,50,6,300,0.53,1.75,3.15,2023-08-17T15:20:00+05:30,0.05,day_close,3.30,5.94,2023-08-17T15:20:00+05:30,0.10,day_close,762750.00,870.00,100.00,770.00,
200,2023-08-24,Thursday,TRADED,,2023-08-24,19534.90,19550,19500,-1,19700,19300,50,6,300,0.78,1.45,2.61,2023-08-24T15:20:00+05:30,0.10,day_close,1.85,3.33,2023-08-24T15:20:00+05:30,0.10,day_close,764700.00,330.00,100.00,230.00,
200,2023-08-31,Thursday,TRADED,,2023-08-31,19375.70,19400,19350,-1,19550,19150,50,6,300,0.76,1.65,2.97,2023-08-31T15:20:00+05:30,0.05,day_close,1.25,2.25,2023-08-31T15:20:00+05:30,0.10,day_close,758850.00,225.00,100.00,125.00,
200,2023-09-07,Thursday,TRADED,,2023-09-07,19576.40,19600,19550,-1,19750,19350,50,6,300,0.89,0.95,1.71,2023-09-07T14:00:00+05:30,1.71,sl,0.85,1.53,2023-09-07T13:49:00+05:30,1.53,sl,766650.00,-1032.00,100.00,-1132.00,
200,2023-09-14,Thursday,TRADED,,2023-09-14,20131.50,20150,20100,-1,20300,19900,50,6,300,0.92,2.30,4.14,2023-09-14T15:20:00+05:30,0.10,day_close,2.50,4.50,2023-09-14T15:20:00+05:30,0.05,day_close,788100.00,795.00,100.00,695.00,
200,2023-09-21,Thursday,TRADED,,2023-09-21,19821.90,19800,19850,1,20050,19650,50,6,300,0.71,1.75,3.15,2023-09-21T15:20:00+05:30,0.10,day_close,2.45,4.41,2023-09-21T10:06:00+05:30,4.41,sl,778350.00,-693.00,100.00,-793.00,
200,2023-09-28,Thursday,TRADED,,2023-09-28,19750.80,19750,19700,-1,19900,19500,50,6,300,0.62,3.30,5.94,2023-09-28T15:20:00+05:30,0.10,day_close,2.05,3.69,2023-09-28T09:31:00+05:30,3.69,sl,772500.00,-132.00,100.00,-232.00,
200,2023-10-05,Thursday,TRADED,,2023-10-05,19536.90,19550,19500,-1,19700,19300,50,6,300,0.97,1.50,2.70,2023-10-05T15:20:00+05:30,0.05,day_close,1.45,2.61,2023-10-05T15:20:00+05:30,0.05,day_close,764700.00,255.00,100.00,155.00,
200,2023-10-12,Thursday,TRADED,,2023-10-12,19826.20,19850,19800,-1,20000,19600,50,6,300,0.93,1.45,2.61,2023-10-12T15:20:00+05:30,0.05,day_close,1.35,2.43,2023-10-12T15:20:00+05:30,0.10,day_close,776400.00,195.00,100.00,95.00,
200,2023-10-19,Thursday,TRADED,,2023-10-19,19539.00,19550,19550,0,19750,19350,50,6,300,0.75,2.00,3.60,2023-10-19T11:28:00+05:30,3.60,sl,1.50,2.70,2023-10-19T15:20:00+05:30,0.05,day_close,766650.00,-645.00,100.00,-745.00,
200,2023-10-26,Thursday,TRADED,,2023-10-26,19008.00,19000,19000,0,19200,18800,50,6,300,0.97,4.50,8.10,2023-10-26T15:20:00+05:30,0.05,day_close,4.65,8.37,2023-10-26T09:21:00+05:30,8.37,sl,745200.00,-381.00,100.00,-481.00,
200,2023-11-02,Thursday,TRADED,,2023-11-02,19142.80,19150,19100,-1,19300,18900,50,6,300,0.67,2.25,4.05,2023-11-02T15:20:00+05:30,0.05,day_close,1.50,2.70,2023-11-02T15:20:00+05:30,0.05,day_close,749100.00,495.00,100.00,395.00,
200,2023-11-09,Thursday,TRADED,,2023-11-09,19413.10,19400,19400,0,19600,19200,50,6,300,0.63,1.50,2.70,2023-11-09T15:20:00+05:30,0.05,day_close,0.95,1.71,2023-11-09T15:20:00+05:30,0.05,day_close,760800.00,105.00,100.00,5.00,
200,2023-11-16,Thursday,TRADED,,2023-11-16,19636.60,19650,19650,0,19850,19450,50,6,300,0.90,0.90,1.62,2023-11-16T09:45:00+05:30,1.62,sl,1.00,1.80,2023-11-16T15:20:00+05:30,0.10,day_close,770550.00,-546.00,100.00,-646.00,
200,2023-11-23,Thursday,TRADED,,2023-11-23,19840.30,19850,19800,-1,20000,19600,50,6,300,0.58,1.80,3.24,2023-11-23T09:23:00+05:30,3.24,sl,1.05,1.89,2023-11-23T10:43:00+05:30,1.89,sl,776400.00,-1284.00,100.00,-1384.00,
200,2023-11-30,Thursday,TRADED,,2023-11-30,20113.00,20100,20100,0,20300,19900,50,6,300,0.85,2.30,4.14,2023-11-30T15:20:00+05:30,0.05,day_close,2.70,4.86,2023-11-30T09:50:00+05:30,4.86,sl,788100.00,-573.00,100.00,-673.00,
200,2023-12-07,Thursday,TRADED,,2023-12-07,20866.20,20850,20850,0,21050,20650,50,6,300,0.79,3.10,5.58,2023-12-07T15:20:00+05:30,0.10,day_close,2.45,4.41,2023-12-07T15:20:00+05:30,0.05,day_close,817350.00,1020.00,100.00,920.00,
200,2023-12-14,Thursday,TRADED,,2023-12-14,21108.80,21100,21100,0,21300,20900,50,6,300,0.80,1.60,2.88,2023-12-14T09:57:00+05:30,2.88,sl,2.00,3.60,2023-12-14T15:20:00+05:30,0.05,day_close,827100.00,-399.00,100.00,-499.00,
200,2023-12-21,Thursday,TRADED,,2023-12-21,21046.30,21050,21000,-1,21200,20800,50,6,300,0.96,12.15,21.87,2023-12-21T10:09:00+05:30,21.87,sl,12.60,22.68,2023-12-21T15:20:00+05:30,0.10,day_close,823200.00,234.00,100.00,134.00,
200,2023-12-28,Thursday,TRADED,,2023-12-28,21720.60,21700,21700,0,21900,21500,50,6,300,0.77,9.20,16.56,2023-12-28T15:20:00+05:30,0.05,day_close,7.10,12.78,2023-12-28T15:20:00+05:30,0.20,day_close,850500.00,4215.00,100.00,4115.00,
200,2024-01-04,Thursday,TRADED,,2024-01-04,21602.60,21600,21550,-1,21750,21350,50,6,300,0.62,3.05,5.49,2024-01-04T15:20:00+05:30,0.10,day_close,1.90,3.42,2024-01-04T15:20:00+05:30,0.05,day_close,844650.00,840.00,100.00,740.00,
200,2024-01-11,Thursday,TRADED,,2024-01-11,21720.40,21700,21650,-1,21850,21450,50,6,300,0.60,4.00,7.20,2024-01-11T15:20:00+05:30,0.05,day_close,2.40,4.32,2024-01-11T15:20:00+05:30,0.05,day_close,848550.00,1290.00,100.00,1190.00,
200,2024-01-18,Thursday,TRADED,,2024-01-18,21445.10,21450,21400,-1,21600,21200,50,6,300,0.86,9.10,16.38,2024-01-18T15:20:00+05:30,0.05,day_close,7.85,14.13,2024-01-18T09:46:00+05:30,14.13,sl,838800.00,231.00,100.00,131.00,
200,2024-01-25,Thursday,TRADED,,2024-01-25,21411.50,21400,21400,0,21600,21200,50,6,300,0.92,12.95,23.31,2024-01-25T15:20:00+05:30,0.15,day_close,14.00,25.20,2024-01-25T10:20:00+05:30,25.20,sl,838800.00,-120.00,100.00,-220.00,
200,2024-02-01,Thursday,TRADED,,2024-02-01,21715.20,21700,21700,0,21900,21500,50,6,300,1.00,51.75,93.15,2024-02-01T15:20:00+05:30,0.05,day_close,51.70,93.06,2024-02-01T15:20:00+05:30,0.10,day_close,850500.00,30390.00,100.00,30290.00,
200,2024-02-08,Thursday,TRADED,,2024-02-08,21992.00,22000,22000,0,22200,21800,50,6,300,0.69,6.90,12.42,2024-02-08T15:20:00+05:30,0.05,day_close,10.00,18.00,2024-02-08T10:09:00+05:30,18.00,sl,862200.00,-945.00,100.00,-1045.00,
200,2024-02-15,Thursday,TRADED,,2024-02-15,21892.20,21900,21850,-1,22050,21650,50,6,300,0.64,13.15,23.67,2024-02-15T15:20:00+05:30,0.10,day_close,8.45,15.21,2024-02-15T09:34:00+05:30,15.21,sl,856350.00,1287.00,100.00,1187.00,
200,2024-02-22,Thursday,TRADED,,2024-02-22,22047.10,22050,22050,0,22250,21850,50,6,300,0.77,8.45,15.21,2024-02-22T15:20:00+05:30,0.40,day_close,10.95,19.71,2024-02-22T09:29:00+05:30,19.71,sl,864150.00,-813.00,100.00,-913.00,
200,2024-02-29,Thursday,TRADED,,2024-02-29,21934.40,21950,21950,0,22150,21750,50,6,300,0.75,14.90,26.82,2024-02-29T09:59:00+05:30,26.82,sl,19.90,35.82,2024-02-29T10:13:00+05:30,35.82,sl,860250.00,-8952.00,100.00,-9052.00,
200,2024-03-07,Thursday,TRADED,,2024-03-07,22502.60,22500,22450,-1,22650,22250,50,6,300,0.68,10.50,18.90,2024-03-07T15:20:00+05:30,0.05,day_close,7.10,12.78,2024-03-07T15:20:00+05:30,0.10,day_close,879750.00,4635.00,100.00,4535.00,
200,2024-03-14,Thursday,TRADED,,2024-03-14,21930.65,21950,21950,0,22150,21750,50,6,300,0.84,13.90,25.02,2024-03-14T09:25:00+05:30,25.02,sl,16.60,29.88,2024-03-14T15:20:00+05:30,0.05,day_close,860250.00,1029.00,100.00,929.00,
200,2024-03-21,Thursday,TRADED,,2024-03-21,22003.40,22000,22000,0,22200,21800,50,6,300,0.76,5.60,10.08,2024-03-21T15:20:00+05:30,0.10,day_close,7.40,13.32,2024-03-21T15:20:00+05:30,0.05,day_close,862200.00,3255.00,100.00,3155.00,
200,2024-03-28,Thursday,TRADED,,2024-03-28,22190.65,22200,22150,-1,22350,21950,50,6,300,0.60,5.80,10.44,2024-03-28T09:22:00+05:30,10.44,sl,3.50,6.30,2024-03-28T15:20:00+05:30,0.15,day_close,868050.00,-987.00,100.00,-1087.00,
200,2024-04-04,Thursday,TRADED,,2024-04-04,22580.30,22600,22550,-1,22750,22350,50,6,300,0.89,4.65,8.37,2024-04-04T15:20:00+05:30,0.05,day_close,5.25,9.45,2024-04-04T09:21:00+05:30,9.45,sl,883650.00,-480.00,100.00,-580.00,
200,2024-04-10,Wednesday,TRADED,,2024-04-10,22697.50,22700,22650,-1,22850,22450,50,6,300,0.88,7.35,13.23,2024-04-10T15:20:00+05:30,0.10,day_close,6.45,11.61,2024-04-10T15:20:00+05:30,0.10,day_close,887550.00,3480.00,100.00,3380.00,
200,2024-04-18,Thursday,TRADED,,2024-04-18,22246.30,22250,22200,-1,22400,22000,50,6,300,0.71,6.10,10.98,2024-04-18T11:11:00+05:30,10.98,sl,4.35,7.83,2024-04-18T09:30:00+05:30,7.83,sl,870000.00,-3108.00,100.00,-3208.00,
200,2024-04-25,Thursday,TRADED,,2024-04-25,22340.10,22350,22300,-1,22500,22100,50,6,300,0.62,9.15,16.47,2024-04-25T09:34:00+05:30,16.47,sl,5.70,10.26,2024-04-25T10:51:00+05:30,10.26,sl,873900.00,-4164.00,100.00,-4264.00,
200,2024-05-02,Thursday,TRADED,,2024-05-02,22650.05,22650,22650,0,22850,22450,25,12,300,0.67,9.20,16.56,2024-05-02T15:20:00+05:30,0.10,day_close,13.80,24.84,2024-05-02T15:20:00+05:30,0.05,day_close,887550.00,6255.00,100.00,6155.00,
200,2024-05-09,Thursday,TRADED,,2024-05-09,22301.45,22300,22300,0,22500,22100,25,12,300,0.72,11.45,20.61,2024-05-09T15:20:00+05:30,0.10,day_close,16.00,28.80,2024-05-09T09:26:00+05:30,28.80,sl,873900.00,-1035.00,100.00,-1135.00,
200,2024-05-16,Thursday,TRADED,,2024-05-16,22292.70,22300,22250,-1,22450,22050,25,12,300,0.94,9.20,16.56,2024-05-16T15:20:00+05:30,0.15,day_close,8.65,15.57,2024-05-16T09:38:00+05:30,15.57,sl,871950.00,39.00,100.00,-61.00,
200,2024-05-23,Thursday,TRADED,,2024-05-23,22596.95,22600,22600,0,22800,22400,25,12,300,0.73,9.55,17.19,2024-05-23T09:35:00+05:30,17.19,sl,13.05,23.49,2024-05-23T15:20:00+05:30,0.05,day_close,885600.00,1008.00,100.00,908.00,
200,2024-05-30,Thursday,TRADED,,2024-05-30,22684.45,22700,22650,-1,22850,22450,25,12,300,0.70,23.95,43.11,2024-05-30T15:20:00+05:30,0.05,day_close,16.70,30.06,2024-05-30T09:37:00+05:30,30.06,sl,887550.00,2562.00,100.00,2462.00,
200,2024-06-06,Thursday,TRADED,,2024-06-06,22716.35,22700,22700,0,22900,22500,25,12,300,0.99,48.75,87.75,2024-06-06T15:20:00+05:30,0.10,day_close,48.25,86.85,2024-06-06T15:20:00+05:30,0.10,day_close,889500.00,28440.00,100.00,28340.00,
200,2024-06-13,Thursday,TRADED,,2024-06-13,23434.45,23450,23400,-1,23600,23200,25,12,300,0.80,11.40,20.52,2024-06-13T15:20:00+05:30,0.05,day_close,9.15,16.47,2024-06-13T09:48:00+05:30,16.47,sl,916800.00,609.00,100.00,509.00,
200,2024-06-20,Thursday,TRADED,,2024-06-20,23504.15,23500,23500,0,23700,23300,25,12,300,0.65,14.60,26.28,2024-06-20T15:20:00+05:30,0.05,day_close,22.40,40.32,2024-06-20T15:20:00+05:30,0.10,day_close,920700.00,10455.00,100.00,10355.00,
200,2024-06-27,Thursday,TRADED,,2024-06-27,23842.25,23850,23850,0,24050,23650,25,12,300,0.81,12.50,22.50,2024-06-27T09:58:00+05:30,22.50,sl,15.40,27.72,2024-06-27T15:20:00+05:30,0.15,day_close,934350.00,975.00,100.00,875.00,
200,2024-07-04,Thursday,TRADED,,2024-07-04,24346.05,24350,24300,-1,24500,24100,25,12,300,0.78,10.25,18.45,2024-07-04T15:20:00+05:30,0.05,day_close,7.95,14.31,2024-07-04T15:20:00+05:30,0.05,day_close,951900.00,4830.00,100.00,4730.00,
200,2024-07-11,Thursday,TRADED,,2024-07-11,24356.00,24350,24350,0,24550,24150,25,12,300,0.62,5.05,9.09,2024-07-11T15:20:00+05:30,0.10,day_close,8.15,14.67,2024-07-11T10:15:00+05:30,14.67,sl,953850.00,-1071.00,100.00,-1171.00,
200,2024-07-18,Thursday,TRADED,,2024-07-18,24567.30,24550,24550,0,24750,24350,25,12,300,0.80,6.05,10.89,2024-07-18T09:47:00+05:30,10.89,sl,7.60,13.68,2024-07-18T15:20:00+05:30,0.10,day_close,961650.00,198.00,100.00,98.00,
200,2024-07-25,Thursday,TRADED,,2024-07-25,24235.15,24250,24200,-1,24400,24000,25,12,300,0.79,16.80,30.24,2024-07-25T14:00:00+05:30,30.24,sl,13.25,23.85,2024-07-25T15:20:00+05:30,0.05,day_close,948000.00,-672.00,100.00,-772.00,
200,2024-08-01,Thursday,TRADED,,2024-08-01,25052.90,25050,25050,0,25250,24850,25,12,300,0.73,8.55,15.39,2024-08-01T15:20:00+05:30,0.05,day_close,11.65,20.97,2024-08-01T15:20:00+05:30,0.10,day_close,981150.00,5415.00,100.00,5315.00,
200,2024-08-08,Thursday,TRADED,,2024-08-08,24220.85,24200,24200,0,24400,24000,25,12,300,0.92,26.15,47.07,2024-08-08T09:32:00+05:30,47.07,sl,24.05,43.29,2024-08-08T09:36:00+05:30,43.29,sl,948000.00,-12648.00,100.00,-12748.00,
200,2024-08-14,Wednesday,TRADED,,2024-08-14,24149.20,24150,24150,0,24350,23950,25,12,300,0.99,10.90,19.62,2024-08-14T15:20:00+05:30,0.05,day_close,11.05,19.89,2024-08-14T15:20:00+05:30,0.10,day_close,946050.00,5940.00,100.00,5840.00,
200,2024-08-22,Thursday,TRADED,,2024-08-22,24826.40,24850,24800,-1,25000,24600,25,12,300,0.83,5.85,10.53,2024-08-22T15:20:00+05:30,0.10,day_close,4.85,8.73,2024-08-22T15:20:00+05:30,0.05,day_close,971400.00,2565.00,100.00,2465.00,
200,2024-08-29,Thursday,TRADED,,2024-08-29,25029.60,25050,25000,-1,25200,24800,25,12,300,0.66,7.30,13.14,2024-08-29T09:49:00+05:30,13.14,sl,4.85,8.73,2024-08-29T14:04:00+05:30,8.73,sl,979200.00,-3516.00,100.00,-3616.00,
200,2024-09-05,Thursday,TRADED,,2024-09-05,25241.15,25250,25200,-1,25400,25000,25,12,300,0.58,7.90,14.22,2024-09-05T15:20:00+05:30,0.10,day_close,4.60,8.28,2024-09-05T09:26:00+05:30,8.28,sl,987000.00,636.00,100.00,536.00,
200,2024-09-12,Thursday,TRADED,,2024-09-12,25016.80,25000,25000,0,25200,24800,25,12,300,0.91,6.00,10.80,2024-09-12T09:25:00+05:30,10.80,sl,5.45,9.81,2024-09-12T09:59:00+05:30,9.81,sl,979200.00,-3348.00,100.00,-3448.00,
200,2024-09-19,Thursday,TRADED,,2024-09-19,25553.65,25550,25550,0,25750,25350,25,12,300,0.85,8.55,15.39,2024-09-19T15:20:00+05:30,0.05,day_close,7.30,13.14,2024-09-19T11:28:00+05:30,13.14,sl,1000650.00,198.00,100.00,98.00,
200,2024-09-26,Thursday,TRADED,,2024-09-26,26033.15,26050,26050,0,26250,25850,25,12,300,0.86,10.50,18.90,2024-09-26T14:20:00+05:30,18.90,sl,12.15,21.87,2024-09-26T13:10:00+05:30,21.87,sl,1020150.00,-6036.00,100.00,-6136.00,
200,2024-10-03,Thursday,TRADED,,2024-10-03,25530.00,25550,25500,-1,25700,25300,25,12,300,0.89,18.55,33.39,2024-10-03T09:27:00+05:30,33.39,sl,20.75,37.35,2024-10-03T13:45:00+05:30,37.35,sl,998700.00,-10032.00,100.00,-10132.00,
200,2024-10-10,Thursday,TRADED,,2024-10-10,25051.20,25050,25050,0,25250,24850,25,12,300,0.88,16.65,29.97,2024-10-10T15:20:00+05:30,0.05,day_close,18.95,34.11,2024-10-10T15:20:00+05:30,0.05,day_close,981150.00,10050.00,100.00,9950.00,
200,2024-10-17,Thursday,TRADED,,2024-10-17,24957.05,24950,24950,0,25150,24750,25,12,300,0.68,10.95,19.71,2024-10-17T15:20:00+05:30,0.10,day_close,7.40,13.32,2024-10-17T09:37:00+05:30,13.32,sl,977250.00,879.00,100.00,779.00,
200,2024-10-24,Thursday,TRADED,,2024-10-24,24435.45,24450,24450,0,24650,24250,25,12,300,0.76,12.95,23.31,2024-10-24T15:20:00+05:30,0.05,day_close,17.00,30.60,2024-10-24T15:20:00+05:30,0.05,day_close,957750.00,8355.00,100.00,8255.00,
200,2024-10-31,Thursday,TRADED,,2024-10-31,24308.95,24300,24300,0,24500,24100,25,12,300,0.80,14.85,26.73,2024-10-31T15:20:00+05:30,0.10,day_close,11.85,21.33,2024-10-31T15:20:00+05:30,0.15,day_close,951900.00,7335.00,100.00,7235.00,
200,2024-11-07,Thursday,TRADED,,2024-11-07,24454.30,24450,24450,0,24650,24250,25,12,300,0.75,14.10,25.38,2024-11-07T15:20:00+05:30,0.05,day_close,10.60,19.08,2024-11-07T09:23:00+05:30,19.08,sl,957750.00,1071.00,100.00,971.00,
200,2024-11-14,Thursday,TRADED,,2024-11-14,23604.90,23600,23600,0,23800,23400,25,12,300,0.91,25.35,45.63,2024-11-14T15:20:00+05:30,0.05,day_close,27.85,50.13,2024-11-14T15:20:00+05:30,0.05,day_close,924600.00,15330.00,100.00,15230.00,
200,2024-11-21,Thursday,TRADED,,2024-11-21,23373.00,23350,23350,0,23550,23150,25,12,300,0.91,28.85,51.93,2024-11-21T15:20:00+05:30,0.10,day_close,26.30,47.34,2024-11-21T15:20:00+05:30,0.05,day_close,914850.00,15900.00,100.00,15800.00,
200,2024-11-28,Thursday,TRADED,,2024-11-28,24278.60,24300,24300,0,24500,24100,75,4,300,0.69,14.40,25.92,2024-11-28T15:20:00+05:30,0.15,day_close,20.80,37.44,2024-11-28T10:33:00+05:30,37.44,sl,951900.00,-1317.00,100.00,-1417.00,
200,2024-12-05,Thursday,TRADED,,2024-12-05,24497.70,24500,24450,-1,24650,24250,75,4,300,0.88,43.90,79.02,2024-12-05T12:08:00+05:30,79.02,sl,38.50,69.30,2024-12-05T09:46:00+05:30,69.30,sl,957750.00,-20376.00,100.00,-20476.00,
200,2024-12-12,Thursday,TRADED,,2024-12-12,24648.95,24650,24650,0,24850,24450,75,4,300,0.94,8.85,15.93,2024-12-12T09:35:00+05:30,15.93,sl,8.30,14.94,2024-12-12T09:46:00+05:30,14.94,sl,965550.00,-4716.00,100.00,-4816.00,
200,2024-12-19,Thursday,TRADED,,2024-12-19,23919.50,23900,23900,0,24100,23700,75,4,300,0.81,24.35,43.83,2024-12-19T15:20:00+05:30,0.10,day_close,30.05,54.09,2024-12-19T15:20:00+05:30,0.10,day_close,936300.00,15660.00,100.00,15560.00,
200,2024-12-26,Thursday,TRADED,,2024-12-26,23836.55,23850,23850,0,24050,23650,75,4,300,0.81,13.85,24.93,2024-12-26T15:20:00+05:30,0.05,day_close,17.05,30.69,2024-12-26T13:34:00+05:30,30.69,sl,934350.00,-552.00,100.00,-652.00,
200,2025-01-02,Thursday,TRADED,,2025-01-02,23788.20,23800,23750,-1,23950,23550,75,4,300,0.76,46.90,84.42,2025-01-02T10:49:00+05:30,84.42,sl,35.85,64.53,2025-01-02T15:20:00+05:30,0.15,day_close,930450.00,-1146.00,100.00,-1246.00,
200,2025-01-09,Thursday,TRADED,,2025-01-09,23616.55,23600,23600,0,23800,23400,75,4,300,0.81,12.90,23.22,2025-01-09T15:20:00+05:30,0.05,day_close,10.40,18.72,2025-01-09T15:20:00+05:30,0.10,day_close,924600.00,6345.00,100.00,6245.00,
200,2025-01-16,Thursday,TRADED,,2025-01-16,23335.50,23350,23350,0,23550,23150,75,4,300,0.93,5.45,9.81,2025-01-16T15:20:00+05:30,0.05,day_close,5.85,10.53,2025-01-16T15:20:00+05:30,0.10,day_close,914850.00,2745.00,100.00,2645.00,
200,2025-01-23,Thursday,TRADED,,2025-01-23,23108.10,23100,23100,0,23300,22900,75,4,300,0.73,11.25,20.25,2025-01-23T09:40:00+05:30,20.25,sl,8.25,14.85,2025-01-23T15:20:00+05:30,0.05,day_close,905100.00,-840.00,100.00,-940.00,
200,2025-01-30,Thursday,TRADED,,2025-01-30,23158.20,23150,23150,0,23350,22950,75,4,300,0.80,46.65,83.97,2025-01-30T15:20:00+05:30,0.10,day_close,58.10,104.58,2025-01-30T15:20:00+05:30,0.10,day_close,907050.00,30765.00,100.00,30665.00,
200,2025-02-06,Thursday,TRADED,,2025-02-06,23723.70,23700,23750,1,23950,23550,75,4,300,0.97,11.05,19.89,2025-02-06T15:20:00+05:30,0.10,day_close,10.75,19.35,2025-02-06T09:23:00+05:30,19.35,sl,930450.00,105.00,100.00,5.00,
200,2025-02-13,Thursday,TRADED,,2025-02-13,23081.45,23100,23100,0,23300,22900,75,4,300,0.77,17.20,30.96,2025-02-13T15:20:00+05:30,0.05,day_close,22.25,40.05,2025-02-13T09:24:00+05:30,40.05,sl,905100.00,-795.00,100.00,-895.00,
200,2025-02-20,Thursday,TRADED,,2025-02-20,22857.20,22850,22900,1,23100,22700,75,4,300,0.68,13.40,24.12,2025-02-20T15:20:00+05:30,0.05,day_close,19.64,35.35,2025-02-20T15:20:00+05:30,0.05,day_close,897300.00,9282.00,100.00,9182.00,
200,2025-02-27,Thursday,TRADED,,2025-02-27,22579.40,22600,22550,-1,22750,22350,75,4,300,0.80,4.30,7.74,2025-02-27T15:20:00+05:30,0.05,day_close,3.45,6.21,2025-02-27T15:20:00+05:30,0.05,day_close,883650.00,1695.00,100.00,1595.00,
200,2025-03-06,Thursday,TRADED,,2025-03-06,22433.10,22450,22400,-1,22600,22200,75,4,300,0.91,5.90,10.62,2025-03-06T15:20:00+05:30,0.05,day_close,6.50,11.70,2025-03-06T09:22:00+05:30,11.70,sl,877800.00,-405.00,100.00,-505.00,
200,2025-03-13,Thursday,TRADED,,2025-03-13,22485.00,22500,22450,-1,22650,22250,75,4,300,0.85,6.85,12.33,2025-03-13T15:20:00+05:30,0.05,day_close,5.85,10.53,2025-03-13T15:20:00+05:30,0.10,day_close,879750.00,3165.00,100.00,3065.00,
200,2025-03-20,Thursday,TRADED,,2025-03-20,23022.30,23000,23000,0,23200,22800,75,4,300,0.84,8.50,15.30,2025-03-20T09:24:00+05:30,15.30,sl,10.10,18.18,2025-03-20T15:20:00+05:30,0.05,day_close,901200.00,375.00,100.00,275.00,
200,2025-03-27,Thursday,TRADED,,2025-03-27,23507.80,23500,23500,0,23700,23300,75,4,300,0.96,17.70,31.86,2025-03-27T15:20:00+05:30,0.10,day_close,16.95,30.51,2025-03-27T15:20:00+05:30,0.15,day_close,920700.00,9720.00,100.00,9620.00,
200,2025-04-03,Thursday,TRADED,,2025-04-03,23218.65,23200,23150,-1,23350,22950,75,4,300,0.95,9.69,17.44,2025-04-03T09:21:00+05:30,17.44,sl,10.25,18.45,2025-04-03T15:20:00+05:30,0.15,day_close,907050.00,104.40,100.00,4.40,
200,2025-04-09,Wednesday,TRADED,,2025-04-09,22412.35,22400,22400,0,22600,22200,75,4,300,0.81,47.95,86.31,2025-04-09T15:20:00+05:30,0.10,day_close,59.55,107.19,2025-04-09T15:20:00+05:30,0.05,day_close,877800.00,31605.00,100.00,31505.00,
200,2025-04-17,Thursday,TRADED,,2025-04-17,23357.65,23350,23350,0,23550,23150,75,4,300,0.95,8.10,14.58,2025-04-17T09:43:00+05:30,14.58,sl,7.70,13.86,2025-04-17T09:22:00+05:30,13.86,sl,914850.00,-4392.00,100.00,-4492.00,
200,2025-04-24,Thursday,TRADED,,2025-04-24,24272.40,24250,24250,0,24450,24050,75,4,300,0.80,10.85,19.53,2025-04-24T09:34:00+05:30,19.53,sl,8.69,15.64,2025-04-24T15:20:00+05:30,0.15,day_close,949950.00,-642.00,100.00,-742.00,
200,2025-04-30,Wednesday,TRADED,,2025-04-30,24320.35,24300,24300,0,24500,24100,75,4,300,0.93,6.35,11.43,2025-04-30T15:20:00+05:30,0.05,day_close,6.80,12.24,2025-04-30T15:20:00+05:30,0.10,day_close,951900.00,3300.00,100.00,3200.00,
200,2025-05-08,Thursday,TRADED,,2025-05-08,24398.45,24400,24350,-1,24550,24150,75,4,300,0.83,6.30,11.34,2025-05-08T15:20:00+05:30,0.10,day_close,5.20,9.36,2025-05-08T13:38:00+05:30,9.36,sl,953850.00,12.00,100.00,-88.00,
200,2025-05-15,Thursday,TRADED,,2025-05-15,24620.00,24600,24600,0,24800,24400,75,4,300,0.92,19.00,34.20,2025-05-15T10:31:00+05:30,34.20,sl,17.39,31.30,2025-05-15T09:44:00+05:30,31.30,sl,963600.00,-9333.60,100.00,-9433.60,
200,2025-05-22,Thursday,TRADED,,2025-05-22,24644.70,24650,24650,0,24850,24450,75,4,300,0.95,37.20,66.96,2025-05-22T15:20:00+05:30,0.15,day_close,35.29,63.52,2025-05-22T15:20:00+05:30,0.05,day_close,965550.00,21087.00,100.00,20987.00,
200,2025-05-29,Thursday,TRADED,,2025-05-29,24845.20,24850,24850,0,25050,24650,75,4,300,0.78,18.80,33.84,2025-05-29T15:20:00+05:30,0.25,day_close,14.60,26.28,2025-05-29T09:23:00+05:30,26.28,sl,973350.00,1461.00,100.00,1361.00,
200,2025-06-05,Thursday,TRADED,,2025-06-05,24625.55,24650,24650,0,24850,24450,75,4,300,0.83,9.45,17.01,2025-06-05T09:25:00+05:30,17.01,sl,11.45,20.61,2025-06-05T15:20:00+05:30,0.10,day_close,965550.00,537.00,100.00,437.00,
200,2025-06-12,Thursday,TRADED,,2025-06-12,25164.90,25150,25150,0,25350,24950,75,4,300,0.86,10.20,18.36,2025-06-12T15:20:00+05:30,0.10,day_close,8.75,15.75,2025-06-12T09:40:00+05:30,15.75,sl,985050.00,330.00,100.00,230.00,
200,2025-06-19,Thursday,TRADED,,2025-06-19,24755.30,24750,24750,0,24950,24550,75,4,300,0.93,11.35,20.43,2025-06-19T15:20:00+05:30,0.10,day_close,10.55,18.99,2025-06-19T15:20:00+05:30,0.10,day_close,969450.00,5910.00,100.00,5810.00,
200,2025-06-26,Thursday,TRADED,,2025-06-26,25282.75,25300,25250,-1,25450,25050,75,4,300,0.76,12.70,22.86,2025-06-26T09:21:00+05:30,22.86,sl,9.60,17.28,2025-06-26T15:20:00+05:30,0.10,day_close,988950.00,-798.00,100.00,-898.00,
200,2025-07-03,Thursday,TRADED,,2025-07-03,25522.75,25500,25500,0,25700,25300,75,4,300,0.69,9.50,17.10,2025-07-03T15:20:00+05:30,0.05,day_close,6.55,11.79,2025-07-03T09:23:00+05:30,11.79,sl,998700.00,663.00,100.00,563.00,
200,2025-07-10,Thursday,TRADED,,2025-07-10,25470.60,25450,25500,1,25700,25300,75,4,300,0.74,4.95,8.91,2025-07-10T15:20:00+05:30,0.05,day_close,6.65,11.97,2025-07-10T09:32:00+05:30,11.97,sl,998700.00,-726.00,100.00,-826.00,
200,2025-07-17,Thursday,TRADED,,2025-07-17,25216.60,25200,25200,0,25400,25000,75,4,300,0.65,5.95,10.71,2025-07-17T15:20:00+05:30,0.10,day_close,3.85,6.93,2025-07-17T10:16:00+05:30,6.93,sl,987000.00,231.00,100.00,131.00,
200,2025-07-24,Thursday,TRADED,,2025-07-24,25204.10,25200,25200,0,25400,25000,75,4,300,0.96,3.85,6.93,2025-07-24T15:20:00+05:30,0.10,day_close,4.00,7.20,2025-07-24T11:23:00+05:30,7.20,sl,987000.00,-435.00,100.00,-535.00,
200,2025-07-31,Thursday,TRADED,,2025-07-31,24680.35,24700,24650,-1,24850,24450,75,4,300,0.89,11.75,21.15,2025-07-31T11:05:00+05:30,21.15,sl,10.45,18.81,2025-07-31T15:20:00+05:30,0.20,day_close,965550.00,-345.00,100.00,-445.00,
200,2025-08-07,Thursday,TRADED,,2025-08-07,24519.20,24500,24500,0,24700,24300,75,4,300,0.79,9.80,17.64,2025-08-07T15:20:00+05:30,0.20,day_close,7.70,13.86,2025-08-07T11:06:00+05:30,13.86,sl,959700.00,432.00,100.00,332.00,
200,2025-08-14,Thursday,TRADED,,2025-08-14,24640.15,24650,24600,-1,24800,24400,75,4,300,0.67,8.10,14.58,2025-08-14T15:20:00+05:30,0.05,day_close,5.45,9.81,2025-08-14T15:20:00+05:30,0.05,day_close,963600.00,3435.00,100.00,3335.00,
200,2025-08-21,Thursday,TRADED,,2025-08-21,25074.70,25050,25050,0,25250,24850,75,4,300,0.73,5.45,9.81,2025-08-21T10:05:00+05:30,9.81,sl,4.00,7.20,2025-08-21T15:20:00+05:30,0.05,day_close,981150.00,-723.00,100.00,-823.00,
200,2025-08-28,Thursday,TRADED,,2025-08-28,24575.55,24600,24600,0,24800,24400,75,4,300,0.96,7.60,13.68,2025-08-28T10:58:00+05:30,13.68,sl,7.95,14.31,2025-08-28T09:23:00+05:30,14.31,sl,963600.00,-4332.00,100.00,-4432.00,
200,2025-09-02,Tuesday,TRADED,,2025-09-02,24662.05,24650,24650,0,24850,24450,75,4,300,0.86,3.30,5.94,2025-09-02T09:52:00+05:30,5.94,sl,3.85,6.93,2025-09-02T14:06:00+05:30,6.93,sl,965550.00,-2316.00,100.00,-2416.00,
200,2025-09-09,Tuesday,TRADED,,2025-09-09,24851.85,24850,24850,0,25050,24650,75,4,300,0.78,4.65,8.37,2025-09-09T15:20:00+05:30,0.05,day_close,6.00,10.80,2025-09-09T15:20:00+05:30,0.10,day_close,973350.00,2550.00,100.00,2450.00,
200,2025-09-16,Tuesday,TRADED,,2025-09-16,25107.25,25100,25100,0,25300,24900,75,4,300,0.71,2.85,5.13,2025-09-16T09:40:00+05:30,5.13,sl,4.00,7.20,2025-09-16T15:20:00+05:30,0.05,day_close,983100.00,-99.00,100.00,-199.00,
200,2025-09-23,Tuesday,TRADED,,2025-09-23,25224.95,25200,25250,1,25450,25050,75,4,300,0.94,3.85,6.93,2025-09-23T15:20:00+05:30,0.10,day_close,4.10,7.38,2025-09-23T09:30:00+05:30,7.38,sl,988950.00,-459.00,100.00,-559.00,
200,2025-09-30,Tuesday,TRADED,,2025-09-30,24712.55,24700,24700,0,24900,24500,75,4,300,0.68,8.55,15.39,2025-09-30T15:20:00+05:30,0.15,day_close,5.80,10.44,2025-09-30T09:30:00+05:30,10.44,sl,967500.00,528.00,100.00,428.00,
200,2025-10-07,Tuesday,TRADED,,2025-10-07,25083.70,25100,25050,-1,25250,24850,75,4,300,0.64,7.55,13.59,2025-10-07T09:47:00+05:30,13.59,sl,4.80,8.64,2025-10-07T15:20:00+05:30,0.10,day_close,981150.00,-1002.00,100.00,-1102.00,
200,2025-10-14,Tuesday,TRADED,,2025-10-14,25290.75,25300,25300,0,25500,25100,75,4,300,0.72,5.00,9.00,2025-10-14T15:20:00+05:30,0.05,day_close,6.95,12.51,2025-10-14T09:44:00+05:30,12.51,sl,990900.00,-783.00,100.00,-883.00,
200,2025-10-20,Monday,TRADED,,2025-10-20,25903.25,25900,25900,0,26100,25700,75,4,300,0.83,9.05,16.29,2025-10-20T15:20:00+05:30,0.10,day_close,7.50,13.50,2025-10-20T09:25:00+05:30,13.50,sl,1014300.00,285.00,100.00,185.00,
200,2025-10-28,Tuesday,TRADED,,2025-10-28,25968.05,25950,26000,1,26200,25800,75,4,300,0.70,10.95,19.71,2025-10-28T09:33:00+05:30,19.71,sl,15.65,28.17,2025-10-28T10:12:00+05:30,28.17,sl,1018200.00,-6984.00,100.00,-7084.00,
200,2025-11-04,Tuesday,TRADED,,2025-11-04,25754.60,25750,25750,0,25950,25550,75,4,300,0.73,10.05,18.09,2025-11-04T15:20:00+05:30,0.15,day_close,7.35,13.23,2025-11-04T09:35:00+05:30,13.23,sl,1008450.00,606.00,100.00,506.00,
200,2025-11-11,Tuesday,TRADED,,2025-11-11,25544.65,25550,25550,0,25750,25350,75,4,300,0.99,7.40,13.32,2025-11-11T15:20:00+05:30,0.10,day_close,7.30,13.14,2025-11-11T10:36:00+05:30,13.14,sl,1000650.00,-162.00,100.00,-262.00,
200,2025-11-18,Tuesday,TRADED,,2025-11-18,25946.10,25950,25950,0,26150,25750,75,4,300,0.94,7.00,12.60,2025-11-18T15:20:00+05:30,0.10,day_close,7.45,13.41,2025-11-18T10:00:00+05:30,13.41,sl,1016250.00,-318.00,100.00,-418.00,
200,2025-11-25,Tuesday,TRADED,,2025-11-25,25963.75,25950,26000,1,26200,25800,75,4,300,0.70,6.05,10.89,2025-11-25T15:20:00+05:30,0.10,day_close,8.65,15.57,2025-11-25T15:20:00+05:30,0.10,day_close,1018200.00,3750.00,100.00,3650.00,
200,2025-12-02,Tuesday,TRADED,,2025-12-02,26141.55,26150,26150,0,26350,25950,75,4,300,0.93,5.15,9.27,2025-12-02T15:20:00+05:30,0.05,day_close,5.55,9.99,2025-12-02T09:48:00+05:30,9.99,sl,1024050.00,-402.00,100.00,-502.00,
200,2025-12-09,Tuesday,TRADED,,2025-12-09,25819.60,25800,25850,1,26050,25650,75,4,300,0.96,7.10,12.78,2025-12-09T15:20:00+05:30,0.05,day_close,6.80,12.24,2025-12-09T09:30:00+05:30,12.24,sl,1012350.00,-117.00,100.00,-217.00,
200,2025-12-16,Tuesday,TRADED,,2025-12-16,25938.35,25950,25950,0,26150,25750,75,4,300,0.72,4.15,7.47,2025-12-16T15:20:00+05:30,0.10,day_close,5.75,10.35,2025-12-16T15:20:00+05:30,0.05,day_close,1016250.00,2325.00,100.00,2225.00,
200,2025-12-23,Tuesday,TRADED,,2025-12-23,26166.65,26150,26150,0,26350,25950,75,4,300,0.83,3.55,6.39,2025-12-23T15:20:00+05:30,0.10,day_close,4.30,7.74,2025-12-23T15:20:00+05:30,0.05,day_close,1024050.00,1710.00,100.00,1610.00,
200,2025-12-30,Tuesday,TRADED,,2025-12-30,25908.65,25900,25950,1,26150,25750,75,4,300,0.73,2.60,4.68,2025-12-30T15:20:00+05:30,0.05,day_close,3.55,6.39,2025-12-30T15:20:00+05:30,0.10,day_close,1016250.00,1200.00,100.00,1100.00,
200,2026-01-06,Tuesday,TRADED,,2026-01-06,26194.95,26200,26200,0,26400,26000,65,5,325,0.97,3.25,5.85,2026-01-06T15:20:00+05:30,0.10,day_close,3.35,6.03,2026-01-06T15:20:00+05:30,0.05,day_close,1111500.00,1446.25,100.00,1346.25,
200,2026-01-13,Tuesday,TRADED,,2026-01-13,25845.75,25850,25850,0,26050,25650,65,5,325,0.70,7.45,13.41,2026-01-13T15:20:00+05:30,0.10,day_close,10.65,19.17,2026-01-13T09:28:00+05:30,19.17,sl,1096712.50,-1030.25,100.00,-1130.25,
200,2026-01-20,Tuesday,TRADED,,2026-01-20,25559.30,25550,25550,0,25750,25350,65,5,325,0.70,7.70,13.86,2026-01-20T15:20:00+05:30,0.15,day_close,5.40,9.72,2026-01-20T09:24:00+05:30,9.72,sl,1084037.50,399.75,100.00,299.75,
200,2026-01-27,Tuesday,TRADED,,2026-01-27,25007.50,25000,25050,1,25250,24850,65,5,325,0.73,27.50,49.50,2026-01-27T09:43:00+05:30,49.50,sl,37.45,67.41,2026-01-27T15:20:00+05:30,0.10,day_close,1062912.50,4338.75,100.00,4238.75,
200,2026-02-03,Tuesday,TRADED,,2026-02-03,25811.10,25800,25850,1,26050,25650,65,5,325,0.98,79.35,142.83,2026-02-03T15:20:00+05:30,0.05,day_close,78.00,140.40,2026-02-03T15:20:00+05:30,0.10,day_close,1096712.50,50440.00,100.00,50340.00,
200,2026-02-10,Tuesday,TRADED,,2026-02-10,25918.10,25900,25900,0,26100,25700,65,5,325,0.98,6.15,11.07,2026-02-10T15:20:00+05:30,0.10,day_close,6.25,11.25,2026-02-10T15:20:00+05:30,0.10,day_close,1098825.00,3315.00,100.00,3215.00,
200,2026-02-17,Tuesday,TRADED,,2026-02-17,25610.45,25600,25600,0,25800,25400,65,5,325,0.98,6.25,11.25,2026-02-17T09:44:00+05:30,11.25,sl,6.35,11.43,2026-02-17T15:20:00+05:30,0.05,day_close,1086150.00,-227.50,100.00,-327.50,
200,2026-02-24,Tuesday,TRADED,,2026-02-24,25571.25,25550,25550,0,25750,25350,65,5,325,0.74,13.95,25.11,2026-02-24T15:20:00+05:30,0.10,day_close,10.30,18.54,2026-02-24T09:33:00+05:30,18.54,sl,1084037.50,1173.25,100.00,1073.25,
200,2026-03-02,Monday,TRADED,,2026-03-02,24893.10,24900,24850,-1,25050,24650,65,5,325,0.90,39.55,71.19,2026-03-02T09:20:00+05:30,71.19,sl,44.00,79.20,2026-03-02T13:56:00+05:30,79.20,sl,1054462.50,-22373.00,100.00,-22473.00,
200,2026-03-10,Tuesday,TRADED,,2026-03-10,24150.70,24150,24150,0,24350,23950,65,5,325,0.92,27.05,48.69,2026-03-10T15:20:00+05:30,0.05,day_close,29.25,52.65,2026-03-10T15:20:00+05:30,0.05,day_close,1024887.50,17615.00,100.00,17515.00,
200,2026-03-17,Tuesday,TRADED,,2026-03-17,23393.20,23400,23400,0,23600,23200,65,5,325,0.69,16.55,29.79,2026-03-17T09:40:00+05:30,29.79,sl,23.95,43.11,2026-03-17T15:20:00+05:30,0.05,day_close,993200.00,2814.50,100.00,2714.50,
200,2026-03-24,Tuesday,TRADED,,2026-03-24,22789.80,22800,22800,0,23000,22600,65,5,325,0.87,39.10,70.38,2026-03-24T12:42:00+05:30,70.38,sl,45.05,81.09,2026-03-24T10:37:00+05:30,81.09,sl,967850.00,-22529.00,100.00,-22629.00,
200,2026-04-28,Tuesday,TRADED,,2026-04-28,24094.75,24100,24100,0,24300,23900,65,5,325,0.81,7.20,12.96,2026-04-28T15:20:00+05:30,0.10,day_close,8.90,16.02,2026-04-28T15:20:00+05:30,0.15,day_close,1022775.00,4501.25,100.00,4401.25,
200,2026-05-05,Tuesday,SKIPPED,no_priceable_pair,2026-05-05,24062.05,24050,,,,,65,5,325,,,,,,,,,,,,,,,,
200,2026-05-12,Tuesday,SKIPPED,no_priceable_pair,2026-05-12,23737.80,23750,,,,,65,5,325,,,,,,,,,,,,,,,,
200,2026-05-19,Tuesday,TRADED,,2026-05-19,23736.45,23750,23700,-1,23900,23500,65,5,325,0.86,14.90,26.82,2026-05-19T15:20:00+05:30,0.10,day_close,12.80,23.04,2026-05-19T09:35:00+05:30,23.04,sl,1005875.00,832.00,100.00,732.00,
200,2026-05-26,Tuesday,TRADED,,2026-05-26,24011.55,24000,24000,0,24200,23800,65,5,325,0.68,8.70,15.66,2026-05-26T09:38:00+05:30,15.66,sl,5.90,10.62,2026-05-26T15:20:00+05:30,0.10,day_close,1018550.00,-1027.00,100.00,-1127.00,
200,2026-06-02,Tuesday,TRADED,,2026-06-02,23285.65,23300,23300,0,23500,23100,65,5,325,0.97,9.20,16.56,2026-06-02T12:46:00+05:30,16.56,sl,8.90,16.02,2026-06-02T15:20:00+05:30,0.05,day_close,988975.00,-165.75,100.00,-265.75,
200,2026-06-09,Tuesday,SKIPPED,no_priceable_pair,2026-06-09,23233.30,23250,,,,,65,5,325,,,,,,,,,,,,,,,,
200,2026-06-16,Tuesday,TRADED,,2026-06-16,23932.80,23950,23950,0,24150,23750,65,5,325,0.65,4.75,8.55,2026-06-16T15:20:00+05:30,0.05,day_close,7.30,13.14,2026-06-16T15:20:00+05:30,0.05,day_close,1016437.50,3233.75,100.00,3133.75,
300,2020-01-02,Thursday,TRADED,,2020-01-02,12216.80,12200,12200,0,12500,11900,75,4,300,0.50,0.05,0.09,2020-01-02T09:20:00+05:30,0.09,sl,0.10,0.18,2020-01-02T15:20:00+05:30,0.05,day_close,482100.00,-597.00,100.00,-697.00,
300,2020-01-09,Thursday,TRADED,,2020-01-09,12162.40,12150,12050,-2,12350,11750,75,4,300,0.67,0.10,0.18,2020-01-09T09:20:00+05:30,0.18,sl,0.15,0.27,2020-01-09T15:18:00+05:30,0.05,last_bar_before_exit,476250.00,-594.00,100.00,-694.00,
300,2020-01-16,Thursday,TRADED,,2020-01-16,12372.50,12350,12350,0,12650,12050,75,4,300,0.67,0.10,0.18,2020-01-16T15:19:00+05:30,0.05,last_bar_before_exit,0.15,0.27,2020-01-16T15:20:00+05:30,0.05,day_close,487950.00,-555.00,100.00,-655.00,
300,2020-01-23,Thursday,TRADED,,2020-01-23,12117.20,12100,12100,0,12400,11800,75,4,300,0.67,0.10,0.18,2020-01-23T15:20:00+05:30,0.05,day_close,0.15,0.27,2020-01-23T15:11:00+05:30,0.05,last_bar_before_exit,478200.00,-555.00,100.00,-655.00,
300,2020-01-30,Thursday,TRADED,,2020-01-30,12095.00,12100,12100,0,12400,11800,75,4,300,0.67,0.10,0.18,2020-01-30T15:20:00+05:30,0.05,day_close,0.15,0.27,2020-01-30T10:12:00+05:30,0.27,sl,478200.00,-621.00,100.00,-721.00,
300,2020-02-06,Thursday,TRADED,,2020-02-06,12128.00,12150,12050,-2,12350,11750,75,4,300,0.50,0.10,0.18,2020-02-06T09:23:00+05:30,0.18,sl,0.20,0.36,2020-02-06T15:20:00+05:30,0.05,day_close,476250.00,-579.00,100.00,-679.00,
300,2020-02-13,Thursday,TRADED,,2020-02-13,12183.30,12200,12150,-1,12450,11850,75,4,300,0.67,0.10,0.18,2020-02-13T15:15:00+05:30,0.05,last_bar_before_exit,0.15,0.27,2020-02-13T15:20:00+05:30,0.05,day_close,480150.00,-555.00,100.00,-655.00,
300,2020-02-20,Thursday,TRADED,,2020-02-20,12113.00,12100,12100,0,12400,11800,75,4,300,1.00,0.10,0.18,2020-02-20T15:20:00+05:30,0.05,day_close,0.10,0.18,2020-02-20T15:20:00+05:30,0.10,day_close,478200.00,-585.00,100.00,-685.00,
300,2020-02-27,Thursday,TRADED,,2020-02-27,11633.70,11650,11650,0,11950,11350,75,4,300,0.83,0.25,0.45,2020-02-27T15:20:00+05:30,0.05,day_close,0.30,0.54,2020-02-27T09:39:00+05:30,0.54,sl,460650.00,-612.00,100.00,-712.00,
300,2020-03-05,Thursday,TRADED,,2020-03-05,11311.90,11300,11250,-1,11550,10950,75,4,300,0.87,0.35,0.63,2020-03-05T15:20:00+05:30,0.05,day_close,0.40,0.72,2020-03-05T10:01:00+05:30,0.72,sl,445050.00,-606.00,100.00,-706.00,
300,2020-03-12,Thursday,TRADED,,2020-03-12,9994.25,10000,9900,-2,10200,9600,75,4,300,0.87,6.10,10.98,2020-03-12T12:18:00+05:30,10.98,sl,7.00,12.60,2020-03-12T10:52:00+05:30,12.60,sl,392400.00,-3744.00,100.00,-3844.00,
300,2020-03-19,Thursday,TRADED,,2020-03-19,7963.75,7950,8000,1,8300,7700,75,4,300,0.19,15.05,27.09,2020-03-19T09:47:00+05:30,27.09,sl,79.95,143.91,2020-03-19T15:20:00+05:30,0.05,day_close,318300.00,19758.00,100.00,19658.00,
300,2020-03-26,Thursday,TRADED,,2020-03-26,8336.40,8350,8300,-1,8600,8000,75,4,300,0.79,31.05,55.89,2020-03-26T09:27:00+05:30,55.89,sl,39.20,70.56,2020-03-26T15:20:00+05:30,0.35,day_close,330000.00,3603.00,100.00,3503.00,
300,2020-04-01,Wednesday,TRADED,,2020-04-01,8508.15,8500,8450,-1,8750,8150,75,4,300,0.77,12.60,22.68,2020-04-01T15:20:00+05:30,0.10,day_close,9.70,17.46,2020-04-01T09:52:00+05:30,17.46,sl,335850.00,822.00,100.00,722.00,
300,2020-04-09,Thursday,TRADED,,2020-04-09,8969.80,8950,9000,1,9300,8700,75,4,300,0.76,12.35,22.23,2020-04-09T15:20:00+05:30,0.10,day_close,16.25,29.25,2020-04-09T15:20:00+05:30,0.05,day_close,357300.00,7935.00,100.00,7835.00,
300,2020-04-16,Thursday,TRADED,,2020-04-16,8830.60,8850,8800,-1,9100,8500,75,4,300,0.57,3.10,5.58,2020-04-16T09:36:00+05:30,5.58,sl,5.45,9.81,2020-04-16T15:20:00+05:30,0.05,day_close,349500.00,276.00,100.00,176.00,
300,2020-04-23,Thursday,TRADED,,2020-04-23,9219.05,9200,9200,0,9500,8900,75,4,300,0.67,1.10,1.98,2020-04-23T15:20:00+05:30,0.05,day_close,1.65,2.97,2020-04-23T15:20:00+05:30,0.05,day_close,365100.00,195.00,100.00,95.00,
300,2020-04-30,Thursday,TRADED,,2020-04-30,9749.40,9750,9750,0,10050,9450,75,4,300,0.71,1.25,2.25,2020-04-30T09:35:00+05:30,2.25,sl,1.75,3.15,2020-04-30T15:20:00+05:30,0.05,day_close,386550.00,-390.00,100.00,-490.00,
300,2020-05-07,Thursday,TRADED,,2020-05-07,9211.00,9200,9200,0,9500,8900,75,4,300,0.88,1.65,2.97,2020-05-07T15:20:00+05:30,0.05,day_close,1.45,2.61,2020-05-07T15:20:00+05:30,0.05,day_close,365100.00,300.00,100.00,200.00,
300,2020-05-14,Thursday,TRADED,,2020-05-14,9237.85,9250,9250,0,9550,8950,75,4,300,0.70,1.65,2.97,2020-05-14T15:18:00+05:30,0.05,last_bar_before_exit,1.15,2.07,2020-05-14T15:20:00+05:30,0.10,day_close,367050.00,195.00,100.00,95.00,
300,2020-05-21,Thursday,TRADED,,2020-05-21,9100.80,9100,9050,-1,9350,8750,75,4,300,0.90,0.50,0.90,2020-05-21T15:12:00+05:30,0.05,last_bar_before_exit,0.45,0.81,2020-05-21T15:18:00+05:30,0.05,last_bar_before_exit,359250.00,-345.00,100.00,-445.00,
300,2020-05-28,Thursday,TRADED,,2020-05-28,9386.15,9400,9300,-2,9600,9000,75,4,300,1.00,0.70,1.26,2020-05-28T11:09:00+05:30,1.26,sl,0.70,1.26,2020-05-28T15:20:00+05:30,0.10,day_close,369000.00,-588.00,100.00,-688.00,
300,2020-06-04,Thursday,TRADED,,2020-06-04,10109.00,10100,10050,-1,10350,9750,75,4,300,0.94,0.85,1.53,2020-06-04T15:19:00+05:30,0.05,last_bar_before_exit,0.80,1.44,2020-06-04T15:20:00+05:30,0.10,day_close,398250.00,-150.00,100.00,-250.00,
300,2020-06-11,Thursday,TRADED,,2020-06-11,10059.90,10050,10050,0,10350,9750,75,4,300,0.77,0.65,1.17,2020-06-11T15:20:00+05:30,0.05,day_close,0.50,0.90,2020-06-11T15:20:00+05:30,0.05,day_close,398250.00,-285.00,100.00,-385.00,
300,2020-06-18,Thursday,TRADED,,2020-06-18,9867.05,9850,9800,-1,10100,9500,75,4,300,0.65,0.85,1.53,2020-06-18T12:00:00+05:30,1.53,sl,1.30,2.34,2020-06-18T15:20:00+05:30,0.05,day_close,388500.00,-429.00,100.00,-529.00,
300,2020-06-25,Thursday,TRADED,,2020-06-25,10220.80,10200,10150,-1,10450,9850,75,4,300,0.76,1.85,3.33,2020-06-25T09:39:00+05:30,3.33,sl,1.40,2.52,2020-06-25T15:17:00+05:30,0.05,last_bar_before_exit,402150.00,-639.00,100.00,-739.00,
300,2020-07-02,Thursday,TRADED,,2020-07-02,10512.60,10500,10400,-2,10700,10100,75,4,300,0.83,0.60,1.08,2020-07-02T09:48:00+05:30,1.08,sl,0.50,0.90,2020-07-02T15:20:00+05:30,0.05,day_close,411900.00,-609.00,100.00,-709.00,
300,2020-07-09,Thursday,TRADED,,2020-07-09,10754.20,10750,10700,-1,11000,10400,75,4,300,0.85,0.65,1.17,2020-07-09T15:20:00+05:30,0.05,day_close,0.55,0.99,2020-07-09T15:20:00+05:30,0.05,day_close,423600.00,-270.00,100.00,-370.00,
300,2020-07-16,Thursday,TRADED,,2020-07-16,10624.00,10600,10650,1,10950,10350,75,4,300,0.73,0.40,0.72,2020-07-16T15:20:00+05:30,0.10,day_close,0.55,0.99,2020-07-16T15:16:00+05:30,0.05,last_bar_before_exit,421650.00,-360.00,100.00,-460.00,
300,2020-07-23,Thursday,TRADED,,2020-07-23,11163.80,11150,11050,-2,11350,10750,75,4,300,0.70,0.35,0.63,2020-07-23T15:20:00+05:30,0.05,day_close,0.50,0.90,2020-07-23T15:20:00+05:30,0.05,day_close,437250.00,-375.00,100.00,-475.00,
300,2020-07-30,Thursday,TRADED,,2020-07-30,11268.50,11250,11200,-1,11500,10900,75,4,300,1.00,0.45,0.81,2020-07-30T15:20:00+05:30,0.10,day_close,0.45,0.81,2020-07-30T13:00:00+05:30,0.81,sl,443100.00,-603.00,100.00,-703.00,
300,2020-08-06,Thursday,TRADED,,2020-08-06,11161.70,11150,11100,-1,11400,10800,75,4,300,0.73,0.40,0.72,2020-08-06T11:52:00+05:30,0.72,sl,0.55,0.99,2020-08-06T11:07:00+05:30,0.99,sl,439200.00,-828.00,100.00,-928.00,
300,2020-08-13,Thursday,TRADED,,2020-08-13,11352.50,11350,11250,-2,11550,10950,75,4,300,0.80,0.50,0.90,2020-08-13T15:18:00+05:30,0.05,last_bar_before_exit,0.40,0.72,2020-08-13T15:20:00+05:30,0.10,day_close,445050.00,-375.00,100.00,-475.00,
300,2020-08-20,Thursday,TRADED,,2020-08-20,11321.80,11300,11250,-1,11550,10950,75,4,300,1.00,0.40,0.72,2020-08-20T15:20:00+05:30,0.05,day_close,0.40,0.72,2020-08-20T15:20:00+05:30,0.05,day_close,445050.00,-390.00,100.00,-490.00,
300,2020-08-27,Thursday,TRADED,,2020-08-27,11600.30,11600,11450,-3,11750,11150,75,4,300,0.87,0.35,0.63,2020-08-27T15:20:00+05:30,0.05,day_close,0.40,0.72,2020-08-27T15:20:00+05:30,0.05,day_close,452850.00,-405.00,100.00,-505.00,
300,2020-09-03,Thursday,TRADED,,2020-09-03,11562.50,11550,11500,-1,11800,11200,75,4,300,0.87,0.35,0.63,2020-09-03T15:20:00+05:30,0.05,day_close,0.40,0.72,2020-09-03T15:20:00+05:30,0.10,day_close,454800.00,-420.00,100.00,-520.00,
300,2020-09-10,Thursday,TRADED,,2020-09-10,11346.30,11350,11250,-2,11550,10950,75,4,300,1.00,0.40,0.72,2020-09-10T15:20:00+05:30,0.05,day_close,0.40,0.72,2020-09-10T15:20:00+05:30,0.05,day_close,445050.00,-390.00,100.00,-490.00,
300,2020-09-17,Thursday,TRADED,,2020-09-17,11557.40,11550,11450,-2,11750,11150,75,4,300,0.87,0.40,0.72,2020-09-17T15:20:00+05:30,0.05,day_close,0.35,0.63,2020-09-17T15:20:00+05:30,0.05,day_close,452850.00,-405.00,100.00,-505.00,
300,2020-09-24,Thursday,TRADED,,2020-09-24,10988.10,11000,11050,1,11350,10750,75,4,300,0.92,0.55,0.99,2020-09-24T15:20:00+05:30,0.15,day_close,0.60,1.08,2020-09-24T12:25:00+05:30,1.10,gap_sl,437250.00,-630.00,100.00,-730.00,
300,2020-10-01,Thursday,TRADED,,2020-10-01,11369.20,11350,11300,-1,11600,11000,75,4,300,0.71,0.25,0.45,2020-10-01T15:20:00+05:30,0.05,day_close,0.35,0.63,2020-10-01T15:20:00+05:30,0.10,day_close,447000.00,-465.00,100.00,-565.00,
300,2020-10-08,Thursday,TRADED,,2020-10-08,11842.90,11850,11750,-2,12050,11450,75,4,300,0.60,0.30,0.54,2020-10-08T15:20:00+05:30,0.05,day_close,0.50,0.90,2020-10-08T15:19:00+05:30,0.05,last_bar_before_exit,464550.00,-390.00,100.00,-490.00,
300,2020-10-15,Thursday,TRADED,,2020-10-15,11951.20,11950,11900,-1,12200,11600,75,4,300,1.00,0.50,0.90,2020-10-15T15:20:00+05:30,0.05,day_close,0.50,0.90,2020-10-15T14:06:00+05:30,0.90,sl,470400.00,-585.00,100.00,-685.00,
300,2020-10-22,Thursday,TRADED,,2020-10-22,11934.00,11950,11850,-2,12150,11550,75,4,300,0.90,1.00,1.80,2020-10-22T15:20:00+05:30,0.05,day_close,0.90,1.62,2020-10-22T09:23:00+05:30,1.62,sl,468450.00,-531.00,100.00,-631.00,
300,2020-10-29,Thursday,TRADED,,2020-10-29,11616.00,11600,11600,0,11900,11300,75,4,300,0.72,1.45,2.61,2020-10-29T15:20:00+05:30,0.05,day_close,2.00,3.60,2020-10-29T15:20:00+05:30,0.05,day_close,458700.00,405.00,100.00,305.00,
300,2020-11-05,Thursday,TRADED,,2020-11-05,12052.60,12050,11950,-2,12250,11650,75,4,300,0.82,1.35,2.43,2020-11-05T15:20:00+05:30,0.05,day_close,1.65,2.97,2020-11-05T15:20:00+05:30,0.10,day_close,472350.00,255.00,100.00,155.00,
300,2020-11-12,Thursday,TRADED,,2020-11-12,12722.80,12700,12700,0,13000,12400,75,4,300,0.65,0.65,1.17,2020-11-12T15:20:00+05:30,0.05,day_close,1.00,1.80,2020-11-12T15:20:00+05:30,0.05,day_close,501600.00,-135.00,100.00,-235.00,
300,2020-11-19,Thursday,TRADED,,2020-11-19,12889.70,12900,12800,-2,13100,12500,75,4,300,0.89,0.40,0.72,2020-11-19T15:20:00+05:30,0.05,day_close,0.45,0.81,2020-11-19T15:20:00+05:30,0.05,day_close,505500.00,-375.00,100.00,-475.00,
300,2020-11-26,Thursday,TRADED,,2020-11-26,12877.00,12900,12850,-1,13150,12550,75,4,300,0.89,0.80,1.44,2020-11-26T15:20:00+05:30,0.05,day_close,0.90,1.62,2020-11-26T15:20:00+05:30,0.05,day_close,507450.00,-120.00,100.00,-220.00,
300,2020-12-03,Thursday,TRADED,,2020-12-03,13173.60,13150,13050,-2,13350,12750,75,4,300,0.73,0.75,1.35,2020-12-03T15:18:00+05:30,0.05,last_bar_before_exit,0.55,0.99,2020-12-03T15:20:00+05:30,0.05,day_close,515250.00,-240.00,100.00,-340.00,
300,2020-12-10,Thursday,TRADED,,2020-12-10,13479.40,13500,13400,-2,13700,13100,75,4,300,0.59,0.65,1.17,2020-12-10T15:20:00+05:30,0.05,day_close,1.10,1.98,2020-12-10T15:20:00+05:30,0.05,day_close,528900.00,-105.00,100.00,-205.00,
300,2020-12-17,Thursday,TRADED,,2020-12-17,13696.20,13700,13550,-3,13850,13250,75,4,300,0.61,0.90,1.62,2020-12-17T13:33:00+05:30,1.62,sl,0.55,0.99,2020-12-17T15:20:00+05:30,0.10,day_close,534750.00,-681.00,100.00,-781.00,
300,2020-12-24,Thursday,TRADED,,2020-12-24,13684.20,13700,13600,-2,13900,13300,75,4,300,0.76,0.80,1.44,2020-12-24T15:20:00+05:30,0.05,day_close,1.05,1.89,2020-12-24T10:20:00+05:30,1.89,sl,536700.00,-627.00,100.00,-727.00,
300,2020-12-31,Thursday,TRADED,,2020-12-31,13966.90,13950,13850,-2,14150,13550,75,4,300,1.00,1.15,2.07,2020-12-31T15:20:00+05:30,0.05,day_close,1.15,2.07,2020-12-31T15:20:00+05:30,0.05,day_close,546450.00,60.00,100.00,-40.00,
300,2021-01-07,Thursday,TRADED,,2021-01-07,14234.90,14250,14100,-3,14400,13800,75,4,300,0.62,1.30,2.34,2021-01-07T15:20:00+05:30,0.05,day_close,0.80,1.44,2021-01-07T15:20:00+05:30,0.05,day_close,556200.00,0.00,100.00,-100.00,
300,2021-01-14,Thursday,TRADED,,2021-01-14,14542.70,14550,14450,-2,14750,14150,75,4,300,0.91,1.00,1.80,2021-01-14T15:20:00+05:30,0.05,day_close,1.10,1.98,2021-01-14T15:20:00+05:30,0.05,day_close,569850.00,0.00,100.00,-100.00,
300,2021-01-21,Thursday,TRADED,,2021-01-21,14725.50,14750,14600,-3,14900,14300,75,4,300,0.67,0.50,0.90,2021-01-21T15:20:00+05:30,0.05,day_close,0.75,1.35,2021-01-21T15:20:00+05:30,0.05,day_close,575700.00,-255.00,100.00,-355.00,
300,2021-01-28,Thursday,TRADED,,2021-01-28,13833.00,13850,13800,-1,14100,13500,75,4,300,0.76,2.75,4.95,2021-01-28T09:37:00+05:30,4.95,sl,3.60,6.48,2021-01-28T15:20:00+05:30,0.05,day_close,544500.00,-195.00,100.00,-295.00,
300,2021-02-04,Thursday,TRADED,,2021-02-04,14770.20,14750,14650,-2,14950,14350,75,4,300,0.60,3.65,6.57,2021-02-04T14:13:00+05:30,6.57,sl,2.20,3.96,2021-02-04T15:20:00+05:30,0.10,day_close,577650.00,-846.00,100.00,-946.00,
300,2021-02-11,Thursday,TRADED,,2021-02-11,15092.60,15100,15000,-2,15300,14700,75,4,300,1.00,1.80,3.24,2021-02-11T15:20:00+05:30,0.10,day_close,1.80,3.24,2021-02-11T15:20:00+05:30,0.05,day_close,591300.00,435.00,100.00,335.00,
300,2021-02-18,Thursday,TRADED,,2021-02-18,15227.10,15250,15200,-1,15500,14900,75,4,300,0.88,1.05,1.89,2021-02-18T15:20:00+05:30,0.05,day_close,1.20,2.16,2021-02-18T12:40:00+05:30,2.16,sl,599100.00,-588.00,100.00,-688.00,
300,2021-02-25,Thursday,TRADED,,2021-02-25,15146.10,15150,15050,-2,15350,14750,75,4,300,0.82,3.30,5.94,2021-02-25T15:20:00+05:30,0.10,day_close,2.70,4.86,2021-02-25T15:20:00+05:30,0.10,day_close,593250.00,1140.00,100.00,1040.00,
300,2021-03-04,Thursday,TRADED,,2021-03-04,15062.20,15050,14950,-2,15250,14650,75,4,300,0.99,5.85,10.53,2021-03-04T11:17:00+05:30,10.53,sl,5.80,10.44,2021-03-04T15:20:00+05:30,0.15,day_close,589350.00,-309.00,100.00,-409.00,
300,2021-03-10,Wednesday,TRADED,,2021-03-10,15194.50,15200,15100,-2,15400,14800,75,4,300,0.89,1.70,3.06,2021-03-10T15:20:00+05:30,0.05,day_close,1.90,3.42,2021-03-10T15:20:00+05:30,0.05,day_close,595200.00,450.00,100.00,350.00,
300,2021-03-18,Thursday,TRADED,,2021-03-18,14837.00,14850,14800,-1,15100,14500,75,4,300,0.72,2.85,5.13,2021-03-18T15:20:00+05:30,0.10,day_close,2.05,3.69,2021-03-18T13:16:00+05:30,3.69,sl,583500.00,-267.00,100.00,-367.00,
300,2021-03-25,Thursday,TRADED,,2021-03-25,14481.40,14500,14450,-1,14750,14150,75,4,300,0.90,3.45,6.21,2021-03-25T15:20:00+05:30,0.10,day_close,3.85,6.93,2021-03-25T12:00:00+05:30,6.93,sl,569850.00,-519.00,100.00,-619.00,
300,2021-04-01,Thursday,TRADED,,2021-04-01,14808.80,14800,14750,-1,15050,14450,75,4,300,0.95,3.05,5.49,2021-04-01T15:20:00+05:30,0.05,day_close,2.90,5.22,2021-04-01T10:48:00+05:30,5.22,sl,581550.00,-396.00,100.00,-496.00,
300,2021-04-08,Thursday,TRADED,,2021-04-08,14928.80,14950,14850,-2,15150,14550,75,4,300,0.67,1.75,3.15,2021-04-08T15:20:00+05:30,0.05,day_close,2.60,4.68,2021-04-08T15:20:00+05:30,0.10,day_close,585450.00,660.00,100.00,560.00,
300,2021-04-15,Thursday,TRADED,,2021-04-15,14544.00,14550,14450,-2,14750,14150,75,4,300,0.89,4.00,7.20,2021-04-15T15:20:00+05:30,0.10,day_close,3.55,6.39,2021-04-15T09:36:00+05:30,6.39,sl,569850.00,-282.00,100.00,-382.00,
300,2021-04-22,Thursday,TRADED,,2021-04-22,14163.30,14150,14100,-1,14400,13800,75,4,300,0.88,3.25,5.85,2021-04-22T09:40:00+05:30,5.85,sl,2.85,5.13,2021-04-22T15:20:00+05:30,0.10,day_close,556200.00,-555.00,100.00,-655.00,
300,2021-04-29,Thursday,TRADED,,2021-04-29,15033.00,15050,14950,-2,15250,14650,75,4,300,0.89,3.15,5.67,2021-04-29T15:20:00+05:30,0.10,day_close,3.55,6.39,2021-04-29T09:55:00+05:30,6.39,sl,589350.00,-537.00,100.00,-637.00,
300,2021-05-06,Thursday,TRADED,,2021-05-06,14646.70,14650,14550,-2,14850,14250,75,4,300,0.76,2.30,4.14,2021-05-06T15:20:00+05:30,0.05,day_close,1.75,3.15,2021-05-06T15:20:00+05:30,0.05,day_close,573750.00,585.00,100.00,485.00,
300,2021-05-12,Wednesday,TRADED,,2021-05-12,14798.40,14800,14750,-1,15050,14450,75,4,300,0.85,1.30,2.34,2021-05-12T15:20:00+05:30,0.15,day_close,1.10,1.98,2021-05-12T15:20:00+05:30,0.10,day_close,581550.00,45.00,100.00,-55.00,
300,2021-05-20,Thursday,TRADED,,2021-05-20,15053.50,15050,14950,-2,15250,14650,75,4,300,1.00,1.35,2.43,2021-05-20T15:20:00+05:30,0.05,day_close,1.35,2.43,2021-05-20T15:20:00+05:30,0.05,day_close,589350.00,180.00,100.00,80.00,
300,2021-05-27,Thursday,TRADED,,2021-05-27,15300.40,15300,15200,-2,15500,14900,75,4,300,0.97,1.60,2.88,2021-05-27T15:20:00+05:30,0.10,day_close,1.65,2.97,2021-05-27T15:20:00+05:30,0.10,day_close,599100.00,315.00,100.00,215.00,
300,2021-06-03,Thursday,TRADED,,2021-06-03,15659.30,15650,15550,-2,15850,15250,75,4,300,0.83,1.50,2.70,2021-06-03T15:20:00+05:30,0.05,day_close,1.25,2.25,2021-06-03T15:20:00+05:30,0.05,day_close,612750.00,195.00,100.00,95.00,
300,2021-06-10,Thursday,TRADED,,2021-06-10,15688.40,15700,15600,-2,15900,15300,75,4,300,0.91,1.45,2.61,2021-06-10T15:20:00+05:30,0.10,day_close,1.60,2.88,2021-06-10T15:20:00+05:30,0.10,day_close,614700.00,255.00,100.00,155.00,
300,2021-06-17,Thursday,TRADED,,2021-06-17,15683.30,15700,15650,-1,15950,15350,75,4,300,0.98,2.10,3.78,2021-06-17T15:20:00+05:30,0.10,day_close,2.15,3.87,2021-06-17T15:20:00+05:30,0.05,day_close,616650.00,630.00,100.00,530.00,
300,2021-06-24,Thursday,TRADED,,2021-06-24,15731.50,15750,15700,-1,16000,15400,75,4,300,0.82,1.65,2.97,2021-06-24T15:20:00+05:30,0.05,day_close,1.35,2.43,2021-06-24T15:20:00+05:30,0.10,day_close,618600.00,255.00,100.00,155.00,
300,2021-07-01,Thursday,TRADED,,2021-07-01,15724.20,15700,15750,1,16050,15450,75,4,300,0.95,1.05,1.89,2021-07-01T15:20:00+05:30,0.05,day_close,1.10,1.98,2021-07-01T15:20:00+05:30,0.10,day_close,620550.00,0.00,100.00,-100.00,
300,2021-07-08,Thursday,TRADED,,2021-07-08,15870.70,15850,15750,-2,16050,15450,75,4,300,0.81,1.10,1.98,2021-07-08T13:00:00+05:30,1.98,sl,1.35,2.43,2021-07-08T15:20:00+05:30,0.05,day_close,620550.00,-474.00,100.00,-574.00,
300,2021-07-15,Thursday,TRADED,,2021-07-15,15877.20,15900,15750,-3,16050,15450,75,4,300,0.95,1.10,1.98,2021-07-15T10:45:00+05:30,1.98,sl,1.05,1.89,2021-07-15T10:45:00+05:30,1.89,sl,620550.00,-1116.00,100.00,-1216.00,
300,2021-07-22,Thursday,TRADED,,2021-07-22,15753.00,15750,15750,0,16050,15450,75,4,300,0.97,1.40,2.52,2021-07-22T15:20:00+05:30,0.10,day_close,1.45,2.61,2021-07-22T15:20:00+05:30,0.05,day_close,620550.00,210.00,100.00,110.00,
300,2021-07-29,Thursday,TRADED,,2021-07-29,15772.60,15750,15650,-2,15950,15350,75,4,300,0.90,1.45,2.61,2021-07-29T15:20:00+05:30,0.05,day_close,1.30,2.34,2021-07-29T15:20:00+05:30,0.05,day_close,616650.00,195.00,100.00,95.00,
300,2021-08-05,Thursday,TRADED,,2021-08-05,16267.50,16250,16100,-3,16400,15800,75,4,300,0.93,2.25,4.05,2021-08-05T12:55:00+05:30,4.05,sl,2.10,3.78,2021-08-05T15:20:00+05:30,0.10,day_close,634200.00,-540.00,100.00,-640.00,
300,2021-08-12,Thursday,TRADED,,2021-08-12,16323.80,16300,16200,-2,16500,15900,75,4,300,0.74,1.30,2.34,2021-08-12T15:20:00+05:30,0.05,day_close,1.75,3.15,2021-08-12T15:20:00+05:30,0.10,day_close,638100.00,270.00,100.00,170.00,
300,2021-08-18,Wednesday,TRADED,,2021-08-18,16675.10,16700,16550,-3,16850,16250,75,4,300,0.79,1.55,2.79,2021-08-18T15:20:00+05:30,0.05,day_close,1.95,3.51,2021-08-18T15:20:00+05:30,0.05,day_close,651750.00,420.00,100.00,320.00,
300,2021-08-26,Thursday,TRADED,,2021-08-26,16619.80,16600,16550,-1,16850,16250,75,4,300,0.95,1.05,1.89,2021-08-26T15:20:00+05:30,0.05,day_close,1.10,1.98,2021-08-26T15:20:00+05:30,0.05,day_close,651750.00,15.00,100.00,-85.00,
300,2021-09-02,Thursday,TRADED,,2021-09-02,17111.80,17100,17100,0,17400,16800,75,4,300,0.81,1.70,3.06,2021-09-02T15:20:00+05:30,0.10,day_close,2.10,3.78,2021-09-02T15:20:00+05:30,0.05,day_close,673200.00,495.00,100.00,395.00,
300,2021-09-09,Thursday,TRADED,,2021-09-09,17345.10,17350,17250,-2,17550,16950,75,4,300,1.00,1.45,2.61,2021-09-09T15:20:00+05:30,0.10,day_close,1.45,2.61,2021-09-09T15:20:00+05:30,0.10,day_close,679050.00,210.00,100.00,110.00,
300,2021-09-16,Thursday,TRADED,,2021-09-16,17567.80,17550,17450,-2,17750,17150,75,4,300,0.90,1.35,2.43,2021-09-16T15:20:00+05:30,0.10,day_close,1.50,2.70,2021-09-16T15:20:00+05:30,0.10,day_close,686850.00,195.00,100.00,95.00,
300,2021-09-23,Thursday,TRADED,,2021-09-23,17656.50,17650,17550,-2,17850,17250,75,4,300,0.82,2.25,4.05,2021-09-23T10:13:00+05:30,4.05,sl,1.85,3.33,2021-09-23T15:20:00+05:30,0.10,day_close,690750.00,-615.00,100.00,-715.00,
300,2021-09-30,Thursday,TRADED,,2021-09-30,17689.20,17700,17700,0,18000,17400,75,4,300,0.86,2.45,4.41,2021-09-30T15:20:00+05:30,0.10,day_close,2.85,5.13,2021-09-30T15:20:00+05:30,0.10,day_close,696600.00,930.00,100.00,830.00,
300,2021-10-07,Thursday,TRADED,,2021-10-07,17790.90,17800,17750,-1,18050,17450,50,6,300,0.83,1.75,3.15,2021-10-07T15:20:00+05:30,0.10,day_close,2.10,3.78,2021-10-07T15:20:00+05:30,0.10,day_close,698550.00,495.00,100.00,395.00,
300,2021-10-14,Thursday,TRADED,,2021-10-14,18284.60,18300,18150,-3,18450,17850,50,6,300,0.78,1.75,3.15,2021-10-14T15:20:00+05:30,0.10,day_close,2.25,4.05,2021-10-14T15:20:00+05:30,0.20,day_close,714150.00,510.00,100.00,410.00,
300,2021-10-21,Thursday,TRADED,,2021-10-21,18339.50,18350,18300,-1,18600,18000,50,6,300,0.93,2.30,4.14,2021-10-21T15:20:00+05:30,0.10,day_close,2.15,3.87,2021-10-21T09:32:00+05:30,3.87,sl,720000.00,-456.00,100.00,-556.00,
300,2021-10-28,Thursday,TRADED,,2021-10-28,18141.70,18150,18150,0,18450,17850,50,6,300,0.97,3.00,5.40,2021-10-28T15:20:00+05:30,0.10,day_close,3.10,5.58,2021-10-28T10:44:00+05:30,5.58,sl,714150.00,-474.00,100.00,-574.00,
300,2021-11-03,Wednesday,TRADED,,2021-11-03,17968.70,17950,17900,-1,18200,17600,50,6,300,0.91,2.85,5.13,2021-11-03T15:20:00+05:30,0.10,day_close,2.60,4.68,2021-11-03T15:20:00+05:30,0.15,day_close,704400.00,960.00,100.00,860.00,
300,2021-11-11,Thursday,TRADED,,2021-11-11,17951.60,17950,17950,0,18250,17650,50,6,300,0.97,1.80,3.24,2021-11-11T15:20:00+05:30,0.10,day_close,1.85,3.33,2021-11-11T10:17:00+05:30,3.33,sl,706350.00,-534.00,100.00,-634.00,
300,2021-11-18,Thursday,TRADED,,2021-11-18,17934.90,17950,17950,0,18250,17650,50,6,300,0.87,2.25,4.05,2021-11-18T15:20:00+05:30,0.10,day_close,2.60,4.68,2021-11-18T09:36:00+05:30,4.68,sl,706350.00,-579.00,100.00,-679.00,
300,2021-11-25,Thursday,TRADED,,2021-11-25,17440.80,17450,17350,-2,17650,17050,50,6,300,0.78,2.60,4.68,2021-11-25T15:20:00+05:30,0.05,day_close,3.35,6.03,2021-11-25T15:20:00+05:30,0.10,day_close,682950.00,1140.00,100.00,1040.00,
300,2021-12-02,Thursday,TRADED,,2021-12-02,17226.30,17250,17100,-3,17400,16800,50,6,300,0.70,5.15,9.27,2021-12-02T11:20:00+05:30,9.27,sl,3.60,6.48,2021-12-02T15:20:00+05:30,0.15,day_close,673200.00,-801.00,100.00,-901.00,
300,2021-12-09,Thursday,TRADED,,2021-12-09,17505.70,17500,17400,-2,17700,17100,50,6,300,0.81,2.90,5.22,2021-12-09T15:20:00+05:30,0.10,day_close,2.35,4.23,2021-12-09T15:20:00+05:30,0.10,day_close,684900.00,915.00,100.00,815.00,
300,2021-12-16,Thursday,TRADED,,2021-12-16,17344.00,17350,17300,-1,17600,17000,50,6,300,0.92,2.65,4.77,2021-12-16T15:20:00+05:30,0.05,day_close,2.45,4.41,2021-12-16T15:20:00+05:30,0.05,day_close,681000.00,900.00,100.00,800.00,
300,2021-12-23,Thursday,TRADED,,2021-12-23,17036.90,17050,16950,-2,17250,16650,50,6,300,0.96,2.35,4.23,2021-12-23T15:20:00+05:30,0.05,day_close,2.25,4.05,2021-12-23T15:20:00+05:30,0.05,day_close,667350.00,750.00,100.00,650.00,
300,2021-12-30,Thursday,TRADED,,2021-12-30,17205.00,17200,17150,-1,17450,16850,50,6,300,0.92,1.20,2.16,2021-12-30T15:20:00+05:30,0.05,day_close,1.30,2.34,2021-12-30T15:20:00+05:30,0.05,day_close,675150.00,120.00,100.00,20.00,
300,2022-01-06,Thursday,TRADED,,2022-01-06,17747.00,17750,17650,-2,17950,17350,50,6,300,0.92,2.70,4.86,2022-01-06T15:20:00+05:30,0.05,day_close,2.95,5.31,2022-01-06T15:20:00+05:30,0.05,day_close,694650.00,1065.00,100.00,965.00,
300,2022-01-13,Thursday,TRADED,,2022-01-13,18238.80,18250,18150,-2,18450,17850,50,6,300,0.74,1.00,1.80,2022-01-13T15:20:00+05:30,0.05,day_close,1.35,2.43,2022-01-13T15:20:00+05:30,0.05,day_close,714150.00,75.00,100.00,-25.00,
300,2022-01-20,Thursday,TRADED,,2022-01-20,17913.10,17900,17950,1,18250,17650,50,6,300,0.86,1.25,2.25,2022-01-20T15:20:00+05:30,0.05,day_close,1.45,2.61,2022-01-20T11:25:00+05:30,2.61,sl,706350.00,-588.00,100.00,-688.00,
300,2022-01-27,Thursday,TRADED,,2022-01-27,16985.30,17000,16900,-2,17200,16600,50,6,300,0.87,13.55,24.39,2022-01-27T15:20:00+05:30,0.10,day_close,11.80,21.24,2022-01-27T15:20:00+05:30,0.10,day_close,665400.00,6945.00,100.00,6845.00,
300,2022-02-03,Thursday,TRADED,,2022-02-03,17750.70,17750,17700,-1,18000,17400,50,6,300,0.84,1.90,3.42,2022-02-03T15:20:00+05:30,0.05,day_close,1.60,2.88,2022-02-03T15:20:00+05:30,0.05,day_close,696600.00,420.00,100.00,320.00,
300,2022-02-10,Thursday,TRADED,,2022-02-10,17501.20,17500,17450,-1,17750,17150,50,6,300,0.84,1.55,2.79,2022-02-10T15:20:00+05:30,0.05,day_close,1.85,3.33,2022-02-10T09:45:00+05:30,3.33,sl,686850.00,-594.00,100.00,-694.00,
300,2022-02-17,Thursday,TRADED,,2022-02-17,17422.10,17400,17300,-2,17600,17000,50,6,300,0.76,3.95,7.11,2022-02-17T15:20:00+05:30,0.10,day_close,3.00,5.40,2022-02-17T09:30:00+05:30,5.40,sl,681000.00,-165.00,100.00,-265.00,
300,2022-02-24,Thursday,TRADED,,2022-02-24,16674.00,16650,16600,-1,16900,16300,50,6,300,0.79,18.45,33.21,2022-02-24T15:20:00+05:30,0.10,day_close,23.35,42.03,2022-02-24T09:47:00+05:30,42.03,sl,653700.00,-699.00,100.00,-799.00,
300,2022-03-03,Thursday,TRADED,,2022-03-03,16723.30,16700,16650,-1,16950,16350,50,6,300,0.76,6.05,10.89,2022-03-03T15:20:00+05:30,0.15,day_close,8.00,14.40,2022-03-03T10:09:00+05:30,14.40,sl,655650.00,-750.00,100.00,-850.00,
300,2022-03-10,Thursday,TRADED,,2022-03-10,16679.10,16700,16700,0,17000,16400,50,6,300,0.75,6.70,12.06,2022-03-10T15:20:00+05:30,0.05,day_close,8.90,16.02,2022-03-10T14:02:00+05:30,16.02,sl,657600.00,-741.00,100.00,-841.00,
300,2022-03-17,Thursday,TRADED,,2022-03-17,17219.10,17200,17150,-1,17450,16850,50,6,300,0.69,3.75,6.75,2022-03-17T15:20:00+05:30,0.05,day_close,5.40,9.72,2022-03-17T15:20:00+05:30,0.15,day_close,675150.00,2085.00,100.00,1985.00,
300,2022-03-24,Thursday,TRADED,,2022-03-24,17156.90,17150,17150,0,17450,16850,50,6,300,0.78,3.60,6.48,2022-03-24T09:52:00+05:30,6.48,sl,4.60,8.28,2022-03-24T15:20:00+05:30,0.05,day_close,675150.00,-99.00,100.00,-199.00,
300,2022-03-31,Thursday,TRADED,,2022-03-31,17533.80,17550,17450,-2,17750,17150,50,6,300,0.73,1.35,2.43,2022-03-31T15:20:00+05:30,0.05,day_close,1.85,3.33,2022-03-31T15:20:00+05:30,0.05,day_close,686850.00,330.00,100.00,230.00,
300,2022-04-07,Thursday,TRADED,,2022-04-07,17736.40,17750,17750,0,18050,17450,50,6,300,0.91,1.45,2.61,2022-04-07T15:20:00+05:30,0.10,day_close,1.60,2.88,2022-04-07T15:20:00+05:30,0.05,day_close,698550.00,270.00,100.00,170.00,
300,2022-04-13,Wednesday,TRADED,,2022-04-13,17622.90,17600,17600,0,17900,17300,50,6,300,0.96,1.15,2.07,2022-04-13T15:20:00+05:30,0.10,day_close,1.20,2.16,2022-04-13T10:27:00+05:30,2.16,sl,692700.00,-573.00,100.00,-673.00,
300,2022-04-21,Thursday,TRADED,,2022-04-21,17245.90,17250,17150,-2,17450,16850,50,6,300,0.94,1.55,2.79,2022-04-21T11:09:00+05:30,2.79,sl,1.65,2.97,2022-04-21T15:20:00+05:30,0.05,day_close,675150.00,-492.00,100.00,-592.00,
300,2022-04-28,Thursday,TRADED,,2022-04-28,17121.30,17100,17100,0,17400,16800,50,6,300,0.81,1.50,2.70,2022-04-28T15:20:00+05:30,0.05,day_close,1.85,3.33,2022-04-28T15:20:00+05:30,0.10,day_close,673200.00,360.00,100.00,260.00,
300,2022-05-05,Thursday,TRADED,,2022-05-05,16824.10,16800,16800,0,17100,16500,50,6,300,0.87,3.70,6.66,2022-05-05T10:15:00+05:30,6.66,sl,4.25,7.65,2022-05-05T15:20:00+05:30,0.05,day_close,661500.00,-228.00,100.00,-328.00,
300,2022-05-12,Thursday,TRADED,,2022-05-12,15961.30,15950,15950,0,16250,15650,50,6,300,0.75,4.15,7.47,2022-05-12T15:20:00+05:30,0.10,day_close,3.10,5.58,2022-05-12T09:28:00+05:30,5.58,sl,628350.00,-129.00,100.00,-229.00,
300,2022-05-19,Thursday,TRADED,,2022-05-19,15925.00,15900,15850,-1,16150,15550,50,6,300,0.81,5.35,9.63,2022-05-19T15:20:00+05:30,0.05,day_close,6.60,11.88,2022-05-19T15:20:00+05:30,0.05,day_close,624450.00,2955.00,100.00,2855.00,
300,2022-05-26,Thursday,TRADED,,2022-05-26,16087.10,16100,16050,-1,16350,15750,50,6,300,0.90,2.60,4.68,2022-05-26T15:20:00+05:30,0.15,day_close,2.90,5.22,2022-05-26T10:27:00+05:30,5.22,sl,632250.00,-561.00,100.00,-661.00,
300,2022-06-02,Thursday,TRADED,,2022-06-02,16460.80,16450,16450,0,16750,16150,50,6,300,0.72,1.90,3.42,2022-06-02T09:28:00+05:30,3.42,sl,2.65,4.77,2022-06-02T15:20:00+05:30,0.05,day_close,647850.00,-276.00,100.00,-376.00,
300,2022-06-09,Thursday,TRADED,,2022-06-09,16285.00,16300,16300,0,16600,16000,50,6,300,0.85,1.65,2.97,2022-06-09T15:20:00+05:30,0.05,day_close,1.95,3.51,2022-06-09T15:20:00+05:30,0.05,day_close,642000.00,450.00,100.00,350.00,
300,2022-06-16,Thursday,TRADED,,2022-06-16,15843.80,15850,15800,-1,16100,15500,50,6,300,0.89,1.95,3.51,2022-06-16T15:20:00+05:30,0.10,day_close,2.20,3.96,2022-06-16T10:25:00+05:30,3.96,sl,622500.00,-573.00,100.00,-673.00,
300,2022-06-23,Thursday,TRADED,,2022-06-23,15469.50,15450,15400,-1,15700,15100,50,6,300,0.79,3.85,6.93,2022-06-23T09:25:00+05:30,6.93,sl,3.05,5.49,2022-06-23T15:20:00+05:30,0.05,day_close,606900.00,-624.00,100.00,-724.00,
300,2022-06-30,Thursday,TRADED,,2022-06-30,15854.80,15850,15800,-1,16100,15500,50,6,300,0.87,4.25,7.65,2022-06-30T15:20:00+05:30,0.05,day_close,4.90,8.82,2022-06-30T15:20:00+05:30,0.05,day_close,622500.00,2115.00,100.00,2015.00,
300,2022-07-07,Thursday,TRADED,,2022-07-07,16114.20,16100,16050,-1,16350,15750,50,6,300,0.66,2.30,4.14,2022-07-07T15:20:00+05:30,0.05,day_close,3.50,6.30,2022-07-07T15:20:00+05:30,0.05,day_close,632250.00,1110.00,100.00,1010.00,
300,2022-07-14,Thursday,TRADED,,2022-07-14,16025.70,16050,16000,-1,16300,15700,50,6,300,0.70,1.55,2.79,2022-07-14T15:20:00+05:30,0.05,day_close,2.20,3.96,2022-07-14T15:20:00+05:30,0.05,day_close,630300.00,495.00,100.00,395.00,
300,2022-07-21,Thursday,TRADED,,2022-07-21,16512.60,16500,16450,-1,16750,16150,50,6,300,0.85,1.10,1.98,2022-07-21T15:20:00+05:30,0.10,day_close,1.30,2.34,2022-07-21T15:20:00+05:30,0.05,day_close,647850.00,75.00,100.00,-25.00,
300,2022-07-28,Thursday,TRADED,,2022-07-28,16775.90,16800,16700,-2,17000,16400,50,6,300,0.85,1.65,2.97,2022-07-28T10:23:00+05:30,2.97,sl,1.95,3.51,2022-07-28T15:20:00+05:30,0.05,day_close,657600.00,-426.00,100.00,-526.00,
300,2022-08-04,Thursday,TRADED,,2022-08-04,17464.60,17450,17400,-1,17700,17100,50,6,300,0.67,1.55,2.79,2022-08-04T15:20:00+05:30,0.05,day_close,2.30,4.14,2022-08-04T11:18:00+05:30,4.14,sl,684900.00,-702.00,100.00,-802.00,
300,2022-08-11,Thursday,TRADED,,2022-08-11,17690.00,17700,17600,-2,17900,17300,50,6,300,1.00,2.50,4.50,2022-08-11T15:20:00+05:30,0.05,day_close,2.50,4.50,2022-08-11T11:28:00+05:30,4.50,sl,692700.00,-465.00,100.00,-565.00,
300,2022-08-18,Thursday,TRADED,,2022-08-18,17915.30,17900,17850,-1,18150,17550,50,6,300,0.74,1.40,2.52,2022-08-18T15:20:00+05:30,0.10,day_close,1.90,3.42,2022-08-18T15:20:00+05:30,0.10,day_close,702450.00,330.00,100.00,230.00,
300,2022-08-25,Thursday,TRADED,,2022-08-25,17672.10,17650,17600,-1,17900,17300,50,6,300,0.83,1.70,3.06,2022-08-25T15:20:00+05:30,0.10,day_close,2.05,3.69,2022-08-25T15:20:00+05:30,0.25,day_close,692700.00,420.00,100.00,320.00,
300,2022-09-01,Thursday,TRADED,,2022-09-01,17553.80,17550,17500,-1,17800,17200,50,6,300,0.95,5.10,9.18,2022-09-01T09:41:00+05:30,9.18,sl,4.85,8.73,2022-09-01T15:20:00+05:30,0.10,day_close,688800.00,-399.00,100.00,-499.00,
300,2022-09-08,Thursday,TRADED,,2022-09-08,17733.80,17750,17650,-2,17950,17350,50,6,300,0.88,2.10,3.78,2022-09-08T09:26:00+05:30,3.78,sl,2.40,4.32,2022-09-08T15:20:00+05:30,0.10,day_close,694650.00,-414.00,100.00,-514.00,
300,2022-09-15,Thursday,TRADED,,2022-09-15,18083.80,18100,18000,-2,18300,17700,50,6,300,0.84,2.45,4.41,2022-09-15T15:20:00+05:30,0.05,day_close,2.90,5.22,2022-09-15T09:55:00+05:30,5.22,sl,708300.00,-576.00,100.00,-676.00,
300,2022-09-22,Thursday,TRADED,,2022-09-22,17626.60,17650,17600,-1,17900,17300,50,6,300,0.93,6.30,11.34,2022-09-22T15:20:00+05:30,0.05,day_close,6.80,12.24,2022-09-22T15:20:00+05:30,0.05,day_close,692700.00,3300.00,100.00,3200.00,
300,2022-09-29,Thursday,TRADED,,2022-09-29,17005.90,17000,16950,-1,17250,16650,50,6,300,0.66,3.20,5.76,2022-09-29T15:20:00+05:30,0.05,day_close,2.10,3.78,2022-09-29T13:01:00+05:30,3.78,sl,667350.00,-159.00,100.00,-259.00,
300,2022-10-06,Thursday,TRADED,,2022-10-06,17374.50,17350,17300,-1,17600,17000,50,6,300,1.00,2.50,4.50,2022-10-06T15:20:00+05:30,0.05,day_close,2.50,4.50,2022-10-06T15:20:00+05:30,0.05,day_close,681000.00,870.00,100.00,770.00,
300,2022-10-13,Thursday,TRADED,,2022-10-13,17086.00,17100,17050,-1,17350,16750,50,6,300,0.76,1.70,3.06,2022-10-13T15:20:00+05:30,0.10,day_close,2.25,4.05,2022-10-13T15:20:00+05:30,0.05,day_close,671250.00,540.00,100.00,440.00,
300,2022-10-20,Thursday,TRADED,,2022-10-20,17450.00,17450,17350,-2,17650,17050,50,6,300,0.81,1.80,3.24,2022-10-20T10:44:00+05:30,3.24,sl,1.45,2.61,2022-10-20T15:20:00+05:30,0.05,day_close,682950.00,-612.00,100.00,-712.00,
300,2022-10-27,Thursday,TRADED,,2022-10-27,17756.10,17750,17700,-1,18000,17400,50,6,300,0.84,1.60,2.88,2022-10-27T15:20:00+05:30,0.10,day_close,1.35,2.43,2022-10-27T15:20:00+05:30,0.05,day_close,696600.00,240.00,100.00,140.00,
300,2022-11-03,Thursday,TRADED,,2022-11-03,18021.80,18000,17950,-1,18250,17650,50,6,300,0.76,2.10,3.78,2022-11-03T09:35:00+05:30,3.78,sl,1.60,2.88,2022-11-03T15:20:00+05:30,0.10,day_close,706350.00,-654.00,100.00,-754.00,
300,2022-11-10,Thursday,TRADED,,2022-11-10,18068.20,18050,18100,1,18400,17800,50,6,300,0.92,1.20,2.16,2022-11-10T15:20:00+05:30,0.10,day_close,1.30,2.34,2022-11-10T15:20:00+05:30,0.05,day_close,712200.00,105.00,100.00,5.00,
300,2022-11-17,Thursday,TRADED,,2022-11-17,18381.20,18400,18300,-2,18600,18000,50,6,300,0.96,1.10,1.98,2022-11-17T15:20:00+05:30,0.05,day_close,1.15,2.07,2022-11-17T15:20:00+05:30,0.05,day_close,720000.00,45.00,100.00,-55.00,
300,2022-11-24,Thursday,TRADED,,2022-11-24,18300.10,18300,18300,0,18600,18000,50,6,300,0.90,0.90,1.62,2022-11-24T15:20:00+05:30,0.40,day_close,1.00,1.80,2022-11-24T15:20:00+05:30,0.20,day_close,720000.00,-210.00,100.00,-310.00,
300,2022-12-01,Thursday,TRADED,,2022-12-01,18866.90,18850,18750,-2,19050,18450,50,6,300,0.85,1.95,3.51,2022-12-01T15:20:00+05:30,0.10,day_close,1.65,2.97,2022-12-01T15:20:00+05:30,0.10,day_close,737550.00,420.00,100.00,320.00,
300,2022-12-08,Thursday,TRADED,,2022-12-08,18552.40,18550,18650,2,18950,18350,50,6,300,0.89,1.20,2.16,2022-12-08T15:20:00+05:30,0.05,day_close,1.35,2.43,2022-12-08T15:20:00+05:30,0.05,day_close,733650.00,135.00,100.00,35.00,
300,2022-12-15,Thursday,TRADED,,2022-12-15,18631.60,18650,18600,-1,18900,18300,50,6,300,0.91,1.05,1.89,2022-12-15T15:20:00+05:30,0.05,day_close,1.15,2.07,2022-12-15T15:20:00+05:30,0.10,day_close,731700.00,15.00,100.00,-85.00,
300,2022-12-22,Thursday,TRADED,,2022-12-22,18259.10,18250,18250,0,18550,17950,50,6,300,0.95,2.75,4.95,2022-12-22T15:20:00+05:30,0.05,day_close,2.90,5.22,2022-12-22T09:27:00+05:30,5.22,sl,718050.00,-486.00,100.00,-586.00,
300,2022-12-29,Thursday,TRADED,,2022-12-29,18028.80,18050,18000,-1,18300,17700,50,6,300,0.77,1.50,2.70,2022-12-29T15:20:00+05:30,0.15,day_close,1.95,3.51,2022-12-29T15:20:00+05:30,0.10,day_close,708300.00,360.00,100.00,260.00,
300,2023-01-05,Thursday,TRADED,,2023-01-05,18062.80,18050,18100,1,18400,17800,50,6,300,0.81,1.50,2.70,2023-01-05T15:20:00+05:30,0.05,day_close,1.85,3.33,2023-01-05T11:51:00+05:30,3.33,sl,712200.00,-609.00,100.00,-709.00,
300,2023-01-12,Thursday,TRADED,,2023-01-12,17913.80,17900,17950,1,18250,17650,50,6,300,0.75,2.15,3.87,2023-01-12T15:20:00+05:30,0.10,day_close,2.85,5.13,2023-01-12T10:39:00+05:30,5.13,sl,706350.00,-669.00,100.00,-769.00,
300,2023-01-19,Thursday,TRADED,,2023-01-19,18118.20,18100,18000,-2,18300,17700,50,6,300,0.88,2.50,4.50,2023-01-19T15:20:00+05:30,0.05,day_close,2.20,3.96,2023-01-19T15:20:00+05:30,0.05,day_close,708300.00,780.00,100.00,680.00,
300,2023-01-25,Wednesday,TRADED,,2023-01-25,18059.50,18050,18100,1,18400,17800,50,6,300,0.91,1.15,2.07,2023-01-25T10:21:00+05:30,2.07,sl,1.05,1.89,2023-01-25T09:53:00+05:30,1.89,sl,712200.00,-1128.00,100.00,-1228.00,
300,2023-02-02,Thursday,TRADED,,2023-02-02,17474.40,17450,17450,0,17750,17150,50,6,300,0.97,9.80,17.64,2023-02-02T09:27:00+05:30,17.64,sl,10.15,18.27,2023-02-02T15:20:00+05:30,0.10,day_close,686850.00,63.00,100.00,-37.00,
300,2023-02-09,Thursday,TRADED,,2023-02-09,17843.60,17850,17800,-1,18100,17500,50,6,300,0.74,1.55,2.79,2023-02-09T15:20:00+05:30,0.05,day_close,2.10,3.78,2023-02-09T15:20:00+05:30,0.05,day_close,700500.00,465.00,100.00,365.00,
300,2023-02-16,Thursday,TRADED,,2023-02-16,18096.60,18100,17950,-3,18250,17650,50,6,300,0.81,2.15,3.87,2023-02-16T15:20:00+05:30,0.05,day_close,1.75,3.15,2023-02-16T15:20:00+05:30,0.05,day_close,706350.00,540.00,100.00,440.00,
300,2023-02-23,Thursday,TRADED,,2023-02-23,17551.80,17550,17550,0,17850,17250,50,6,300,0.86,2.45,4.41,2023-02-23T15:20:00+05:30,0.05,day_close,2.10,3.78,2023-02-23T09:30:00+05:30,3.78,sl,690750.00,-384.00,100.00,-484.00,
300,2023-03-02,Thursday,TRADED,,2023-03-02,17432.10,17450,17400,-1,17700,17100,50,6,300,0.83,0.95,1.71,2023-03-02T15:20:00+05:30,0.05,day_close,1.15,2.07,2023-03-02T15:20:00+05:30,0.05,day_close,684900.00,-0.00,100.00,-100.00,
300,2023-03-09,Thursday,TRADED,,2023-03-09,17768.10,17750,17650,-2,17950,17350,50,6,300,0.96,1.25,2.25,2023-03-09T15:20:00+05:30,0.10,day_close,1.20,2.16,2023-03-09T15:20:00+05:30,0.10,day_close,694650.00,75.00,100.00,-25.00,
300,2023-03-16,Thursday,TRADED,,2023-03-16,16926.10,16950,16950,0,17250,16650,50,6,300,0.77,2.45,4.41,2023-03-16T15:20:00+05:30,0.05,day_close,3.20,5.76,2023-03-16T15:20:00+05:30,0.05,day_close,667350.00,1065.00,100.00,965.00,
300,2023-03-23,Thursday,TRADED,,2023-03-23,17078.10,17100,17050,-1,17350,16750,50,6,300,0.94,1.55,2.79,2023-03-23T15:20:00+05:30,0.05,day_close,1.65,2.97,2023-03-23T15:20:00+05:30,0.05,day_close,671250.00,330.00,100.00,230.00,
300,2023-03-29,Wednesday,TRADED,,2023-03-29,16997.20,17000,16950,-1,17250,16650,50,6,300,0.76,1.25,2.25,2023-03-29T15:20:00+05:30,0.15,day_close,0.95,1.71,2023-03-29T15:20:00+05:30,0.05,day_close,667350.00,0.00,100.00,-100.00,
300,2023-04-06,Thursday,TRADED,,2023-04-06,17522.40,17500,17400,-2,17700,17100,50,6,300,0.72,1.60,2.88,2023-04-06T10:03:00+05:30,2.88,sl,1.15,2.07,2023-04-06T15:20:00+05:30,0.05,day_close,684900.00,-654.00,100.00,-754.00,
300,2023-04-13,Thursday,TRADED,,2023-04-13,17789.80,17800,17750,-1,18050,17450,50,6,300,0.76,0.80,1.44,2023-04-13T15:20:00+05:30,0.05,day_close,1.05,1.89,2023-04-13T15:20:00+05:30,0.05,day_close,698550.00,-75.00,100.00,-175.00,
300,2023-04-20,Thursday,TRADED,,2023-04-20,17653.10,17650,17650,0,17950,17350,50,6,300,0.94,0.85,1.53,2023-04-20T15:20:00+05:30,0.05,day_close,0.90,1.62,2023-04-20T15:20:00+05:30,0.05,day_close,694650.00,-105.00,100.00,-205.00,
300,2023-04-27,Thursday,TRADED,,2023-04-27,17810.70,17800,17700,-2,18000,17400,50,6,300,0.78,1.15,2.07,2023-04-27T15:20:00+05:30,0.05,day_close,0.90,1.62,2023-04-27T15:20:00+05:30,0.05,day_close,696600.00,-15.00,100.00,-115.00,
300,2023-05-04,Thursday,TRADED,,2023-05-04,18099.30,18100,18000,-2,18300,17700,50,6,300,0.95,0.95,1.71,2023-05-04T15:20:00+05:30,0.10,day_close,0.90,1.62,2023-05-04T15:20:00+05:30,0.05,day_close,708300.00,-90.00,100.00,-190.00,
300,2023-05-11,Thursday,TRADED,,2023-05-11,18324.20,18300,18250,-1,18550,17950,50,6,300,0.65,0.85,1.53,2023-05-11T12:10:00+05:30,1.53,sl,1.30,2.34,2023-05-11T15:20:00+05:30,0.05,day_close,718050.00,-429.00,100.00,-529.00,
300,2023-05-18,Thursday,TRADED,,2023-05-18,18269.90,18250,18250,0,18550,17950,50,6,300,0.95,1.05,1.89,2023-05-18T15:20:00+05:30,0.05,day_close,1.00,1.80,2023-05-18T15:20:00+05:30,0.05,day_close,718050.00,-15.00,100.00,-115.00,
300,2023-05-25,Thursday,TRADED,,2023-05-25,18292.30,18300,18300,0,18600,18000,50,6,300,0.81,1.05,1.89,2023-05-25T15:20:00+05:30,0.05,day_close,1.30,2.34,2023-05-25T15:20:00+05:30,0.05,day_close,720000.00,75.00,100.00,-25.00,
300,2023-06-01,Thursday,TRADED,,2023-06-01,18560.00,18550,18550,0,18850,18250,50,6,300,0.83,0.95,1.71,2023-06-01T15:20:00+05:30,0.05,day_close,1.15,2.07,2023-06-01T15:20:00+05:30,0.05,day_close,729750.00,-0.00,100.00,-100.00,
300,2023-06-08,Thursday,TRADED,,2023-06-08,18745.20,18750,18600,-3,18900,18300,50,6,300,1.00,1.30,2.34,2023-06-08T15:20:00+05:30,0.05,day_close,1.30,2.34,2023-06-08T15:20:00+05:30,0.10,day_close,731700.00,135.00,100.00,35.00,
300,2023-06-15,Thursday,TRADED,,2023-06-15,18731.70,18750,18600,-3,18900,18300,50,6,300,0.96,1.20,2.16,2023-06-15T10:24:00+05:30,2.16,sl,1.15,2.07,2023-06-15T15:20:00+05:30,0.05,day_close,731700.00,-558.00,100.00,-658.00,
300,2023-06-22,Thursday,TRADED,,2023-06-22,18846.80,18850,18800,-1,19100,18500,50,6,300,0.81,1.05,1.89,2023-06-22T15:20:00+05:30,0.05,day_close,1.30,2.34,2023-06-22T15:20:00+05:30,0.05,day_close,739500.00,75.00,100.00,-25.00,
300,2023-06-28,Wednesday,TRADED,,2023-06-28,18868.80,18850,18750,-2,19050,18450,50,6,300,0.77,1.55,2.79,2023-06-28T10:40:00+05:30,2.79,sl,1.20,2.16,2023-06-28T15:20:00+05:30,0.05,day_close,737550.00,-627.00,100.00,-727.00,
300,2023-07-06,Thursday,TRADED,,2023-07-06,19400.90,19400,19300,-2,19600,19000,50,6,300,0.81,2.40,4.32,2023-07-06T10:25:00+05:30,4.32,sl,1.95,3.51,2023-07-06T15:20:00+05:30,0.05,day_close,759000.00,-606.00,100.00,-706.00,
300,2023-07-13,Thursday,TRADED,,2023-07-13,19484.90,19500,19500,0,19800,19200,50,6,300,0.87,1.30,2.34,2023-07-13T15:20:00+05:30,0.05,day_close,1.50,2.70,2023-07-13T15:20:00+05:30,0.05,day_close,766800.00,210.00,100.00,110.00,
300,2023-07-20,Thursday,TRADED,,2023-07-20,19799.30,19800,19750,-1,20050,19450,50,6,300,0.93,1.85,3.33,2023-07-20T15:20:00+05:30,0.05,day_close,2.00,3.60,2023-07-20T15:20:00+05:30,0.05,day_close,776550.00,525.00,100.00,425.00,
300,2023-07-27,Thursday,TRADED,,2023-07-27,19857.30,19850,19800,-1,20100,19500,50,6,300,0.97,1.55,2.79,2023-07-27T15:20:00+05:30,0.05,day_close,1.50,2.70,2023-07-27T15:20:00+05:30,0.05,day_close,778500.00,285.00,100.00,185.00,
300,2023-08-03,Thursday,TRADED,,2023-08-03,19487.40,19500,19450,-1,19750,19150,50,6,300,0.77,2.35,4.23,2023-08-03T09:24:00+05:30,4.23,sl,1.80,3.24,2023-08-03T15:20:00+05:30,0.05,day_close,764850.00,-639.00,100.00,-739.00,
300,2023-08-10,Thursday,TRADED,,2023-08-10,19576.20,19600,19500,-2,19800,19200,50,6,300,0.78,2.25,4.05,2023-08-10T15:20:00+05:30,0.10,day_close,1.75,3.15,2023-08-10T15:20:00+05:30,0.05,day_close,766800.00,555.00,100.00,455.00,
300,2023-08-17,Thursday,TRADED,,2023-08-17,19446.10,19450,19450,0,19750,19150,50,6,300,0.84,1.05,1.89,2023-08-17T15:20:00+05:30,0.05,day_close,1.25,2.25,2023-08-17T15:20:00+05:30,0.05,day_close,764850.00,60.00,100.00,-40.00,
300,2023-08-24,Thursday,TRADED,,2023-08-24,19534.90,19550,19450,-2,19750,19150,50,6,300,1.00,1.10,1.98,2023-08-24T15:20:00+05:30,0.10,day_close,1.10,1.98,2023-08-24T15:20:00+05:30,0.05,day_close,764850.00,15.00,100.00,-85.00,
300,2023-08-31,Thursday,TRADED,,2023-08-31,19375.70,19400,19400,0,19700,19100,50,6,300,0.85,0.85,1.53,2023-08-31T15:20:00+05:30,0.05,day_close,1.00,1.80,2023-08-31T15:20:00+05:30,0.10,day_close,762900.00,-90.00,100.00,-190.00,
300,2023-09-07,Thursday,TRADED,,2023-09-07,19576.40,19600,19550,-1,19850,19250,50,6,300,0.92,0.55,0.99,2023-09-07T14:38:00+05:30,0.99,sl,0.60,1.08,2023-09-07T13:49:00+05:30,1.08,sl,768750.00,-876.00,100.00,-976.00,
300,2023-09-14,Thursday,TRADED,,2023-09-14,20131.50,20150,20050,-2,20350,19750,50,6,300,0.91,1.15,2.07,2023-09-14T15:20:00+05:30,0.05,day_close,1.05,1.89,2023-09-14T15:20:00+05:30,0.05,day_close,788250.00,30.00,100.00,-70.00,
300,2023-09-21,Thursday,TRADED,,2023-09-21,19821.90,19800,19900,2,20200,19600,50,6,300,0.79,1.10,1.98,2023-09-21T15:20:00+05:30,0.05,day_close,1.40,2.52,2023-09-21T10:08:00+05:30,2.52,sl,782400.00,-621.00,100.00,-721.00,
300,2023-09-28,Thursday,TRADED,,2023-09-28,19750.80,19750,19700,-1,20000,19400,50,6,300,0.89,1.35,2.43,2023-09-28T15:20:00+05:30,0.05,day_close,1.20,2.16,2023-09-28T15:20:00+05:30,0.15,day_close,774600.00,105.00,100.00,5.00,
300,2023-10-05,Thursday,TRADED,,2023-10-05,19536.90,19550,19500,-1,19800,19200,50,6,300,0.82,0.70,1.26,2023-10-05T15:20:00+05:30,0.05,day_close,0.85,1.53,2023-10-05T15:20:00+05:30,0.05,day_close,766800.00,-165.00,100.00,-265.00,
300,2023-10-12,Thursday,TRADED,,2023-10-12,19826.20,19850,19800,-1,20100,19500,50,6,300,0.81,0.65,1.17,2023-10-12T15:20:00+05:30,0.05,day_close,0.80,1.44,2023-10-12T15:20:00+05:30,0.05,day_close,778500.00,-195.00,100.00,-295.00,
300,2023-10-19,Thursday,TRADED,,2023-10-19,19539.00,19550,19600,1,19900,19300,50,6,300,0.90,0.95,1.71,2023-10-19T15:20:00+05:30,0.05,day_close,1.05,1.89,2023-10-19T15:20:00+05:30,0.05,day_close,770700.00,-30.00,100.00,-130.00,
300,2023-10-26,Thursday,TRADED,,2023-10-26,19008.00,19000,19000,0,19300,18700,50,6,300,0.92,2.40,4.32,2023-10-26T15:20:00+05:30,0.15,day_close,2.20,3.96,2023-10-26T09:21:00+05:30,3.96,sl,747300.00,-453.00,100.00,-553.00,
300,2023-11-02,Thursday,TRADED,,2023-11-02,19142.80,19150,19100,-1,19400,18800,50,6,300,0.83,0.75,1.35,2023-11-02T15:20:00+05:30,0.05,day_close,0.90,1.62,2023-11-02T15:20:00+05:30,0.05,day_close,751200.00,-135.00,100.00,-235.00,
300,2023-11-09,Thursday,TRADED,,2023-11-09,19413.10,19400,19400,0,19700,19100,50,6,300,0.92,0.65,1.17,2023-11-09T15:20:00+05:30,0.05,day_close,0.60,1.08,2023-11-09T15:20:00+05:30,0.05,day_close,762900.00,-255.00,100.00,-355.00,
300,2023-11-16,Thursday,TRADED,,2023-11-16,19636.60,19650,19600,-1,19900,19300,50,6,300,0.85,0.65,1.17,2023-11-16T11:03:00+05:30,1.17,sl,0.55,0.99,2023-11-16T15:20:00+05:30,0.05,day_close,770700.00,-606.00,100.00,-706.00,
300,2023-11-23,Thursday,TRADED,,2023-11-23,19840.30,19850,19800,-1,20100,19500,50,6,300,0.92,0.60,1.08,2023-11-23T15:20:00+05:30,0.05,day_close,0.65,1.17,2023-11-23T15:20:00+05:30,0.05,day_close,778500.00,-255.00,100.00,-355.00,
300,2023-11-30,Thursday,TRADED,,2023-11-30,20113.00,20100,20050,-1,20350,19750,50,6,300,0.93,1.40,2.52,2023-11-30T15:20:00+05:30,0.05,day_close,1.50,2.70,2023-11-30T09:54:00+05:30,2.70,sl,788250.00,-555.00,100.00,-655.00,
300,2023-12-07,Thursday,TRADED,,2023-12-07,20866.20,20850,20850,0,21150,20550,50,6,300,0.96,1.30,2.34,2023-12-07T15:20:00+05:30,0.10,day_close,1.25,2.25,2023-12-07T15:20:00+05:30,0.05,day_close,819450.00,120.00,100.00,20.00,
300,2023-12-14,Thursday,TRADED,,2023-12-14,21108.80,21100,21050,-1,21350,20750,50,6,300,0.91,1.10,1.98,2023-12-14T15:20:00+05:30,0.05,day_close,1.00,1.80,2023-12-14T15:20:00+05:30,0.05,day_close,827250.00,0.00,100.00,-100.00,
300,2023-12-21,Thursday,TRADED,,2023-12-21,21046.30,21050,21000,-1,21300,20700,50,6,300,0.90,4.40,7.92,2023-12-21T10:45:00+05:30,7.92,sl,4.90,8.82,2023-12-21T15:20:00+05:30,0.10,day_close,825300.00,-216.00,100.00,-316.00,
300,2023-12-28,Thursday,TRADED,,2023-12-28,21720.60,21700,21700,0,22000,21400,50,6,300,0.79,3.20,5.76,2023-12-28T15:20:00+05:30,0.05,day_close,4.05,7.29,2023-12-28T15:20:00+05:30,0.15,day_close,852600.00,1515.00,100.00,1415.00,
300,2024-01-04,Thursday,TRADED,,2024-01-04,21602.60,21600,21550,-1,21850,21250,50,6,300,1.00,0.90,1.62,2024-01-04T15:20:00+05:30,0.10,day_close,0.90,1.62,2024-01-04T15:20:00+05:30,0.05,day_close,846750.00,-105.00,100.00,-205.00,
300,2024-01-11,Thursday,TRADED,,2024-01-11,21720.40,21700,21650,-1,21950,21350,50,6,300,0.83,0.95,1.71,2024-01-11T15:20:00+05:30,0.05,day_close,1.15,2.07,2024-01-11T15:20:00+05:30,0.05,day_close,850650.00,-0.00,100.00,-100.00,
300,2024-01-18,Thursday,TRADED,,2024-01-18,21445.10,21450,21400,-1,21700,21100,50,6,300,0.92,3.70,6.66,2024-01-18T15:20:00+05:30,0.05,day_close,3.40,6.12,2024-01-18T09:51:00+05:30,6.12,sl,840900.00,-321.00,100.00,-421.00,
300,2024-01-25,Thursday,TRADED,,2024-01-25,21411.50,21400,21400,0,21700,21100,50,6,300,0.78,5.35,9.63,2024-01-25T15:20:00+05:30,0.10,day_close,6.90,12.42,2024-01-25T10:20:00+05:30,12.42,sl,840900.00,-681.00,100.00,-781.00,
300,2024-02-01,Thursday,TRADED,,2024-02-01,21715.20,21700,21700,0,22000,21400,50,6,300,0.99,32.80,59.04,2024-02-01T15:20:00+05:30,0.10,day_close,33.20,59.76,2024-02-01T15:20:00+05:30,0.05,day_close,852600.00,19155.00,100.00,19055.00,
300,2024-02-08,Thursday,TRADED,,2024-02-08,21992.00,22000,21950,-1,22250,21650,50,6,300,0.83,3.80,6.84,2024-02-08T15:20:00+05:30,0.05,day_close,3.15,5.67,2024-02-08T10:15:00+05:30,5.67,sl,862350.00,-231.00,100.00,-331.00,
300,2024-02-15,Thursday,TRADED,,2024-02-15,21892.20,21900,21850,-1,22150,21550,50,6,300,0.96,4.10,7.38,2024-02-15T15:20:00+05:30,0.05,day_close,4.25,7.65,2024-02-15T09:39:00+05:30,7.65,sl,858450.00,-405.00,100.00,-505.00,
300,2024-02-22,Thursday,TRADED,,2024-02-22,22047.10,22050,22050,0,22350,21750,50,6,300,0.82,2.90,5.22,2024-02-22T15:20:00+05:30,0.05,day_close,3.55,6.39,2024-02-22T09:29:00+05:30,6.39,sl,866250.00,-597.00,100.00,-697.00,
300,2024-02-29,Thursday,TRADED,,2024-02-29,21934.40,21950,21950,0,22250,21650,50,6,300,0.84,6.95,12.51,2024-02-29T15:20:00+05:30,0.10,day_close,8.25,14.85,2024-02-29T10:13:00+05:30,14.85,sl,862350.00,-525.00,100.00,-625.00,
300,2024-03-07,Thursday,TRADED,,2024-03-07,22502.60,22500,22450,-1,22750,22150,50,6,300,0.94,3.05,5.49,2024-03-07T15:20:00+05:30,0.05,day_close,3.25,5.85,2024-03-07T15:20:00+05:30,0.05,day_close,881850.00,1260.00,100.00,1160.00,
300,2024-03-14,Thursday,TRADED,,2024-03-14,21930.65,21950,21950,0,22250,21650,50,6,300,0.95,6.25,11.25,2024-03-14T09:25:00+05:30,11.25,sl,6.55,11.79,2024-03-14T15:20:00+05:30,0.05,day_close,862350.00,-150.00,100.00,-250.00,
300,2024-03-21,Thursday,TRADED,,2024-03-21,22003.40,22000,21950,-1,22250,21650,50,6,300,0.73,3.15,5.67,2024-03-21T15:20:00+05:30,0.05,day_close,2.30,4.14,2024-03-21T15:20:00+05:30,0.05,day_close,862350.00,1005.00,100.00,905.00,
300,2024-03-28,Thursday,TRADED,,2024-03-28,22190.65,22200,22150,-1,22450,21850,50,6,300,1.00,1.35,2.43,2024-03-28T09:22:00+05:30,2.43,sl,1.35,2.43,2024-03-28T15:20:00+05:30,0.05,day_close,870150.00,-534.00,100.00,-634.00,
300,2024-04-04,Thursday,TRADED,,2024-04-04,22580.30,22600,22550,-1,22850,22250,50,6,300,0.67,1.55,2.79,2024-04-04T15:20:00+05:30,0.05,day_close,2.30,4.14,2024-04-04T09:21:00+05:30,4.14,sl,885750.00,-702.00,100.00,-802.00,
300,2024-04-10,Wednesday,TRADED,,2024-04-10,22697.50,22700,22650,-1,22950,22350,50,6,300,0.96,2.45,4.41,2024-04-10T15:20:00+05:30,0.05,day_close,2.55,4.59,2024-04-10T15:20:00+05:30,0.05,day_close,889650.00,870.00,100.00,770.00,
300,2024-04-18,Thursday,TRADED,,2024-04-18,22246.30,22250,22200,-1,22500,21900,50,6,300,0.98,2.05,3.69,2024-04-18T15:20:00+05:30,0.10,day_close,2.00,3.60,2024-04-18T09:30:00+05:30,3.60,sl,872100.00,-495.00,100.00,-595.00,
300,2024-04-25,Thursday,TRADED,,2024-04-25,22340.10,22350,22300,-1,22600,22000,50,6,300,0.97,2.90,5.22,2024-04-25T09:34:00+05:30,5.22,sl,2.80,5.04,2024-04-25T10:51:00+05:30,5.04,sl,876000.00,-1968.00,100.00,-2068.00,
300,2024-05-02,Thursday,TRADED,,2024-05-02,22650.05,22650,22600,-1,22900,22300,25,12,300,0.79,5.45,9.81,2024-05-02T15:20:00+05:30,0.05,day_close,4.30,7.74,2024-05-02T15:20:00+05:30,0.05,day_close,887700.00,2295.00,100.00,2195.00,
300,2024-05-09,Thursday,TRADED,,2024-05-09,22301.45,22300,22250,-1,22550,21950,25,12,300,0.59,6.70,12.06,2024-05-09T15:20:00+05:30,0.05,day_close,3.95,7.11,2024-05-09T09:26:00+05:30,7.11,sl,874050.00,447.00,100.00,347.00,
300,2024-05-16,Thursday,TRADED,,2024-05-16,22292.70,22300,22250,-1,22550,21950,25,12,300,0.75,2.55,4.59,2024-05-16T15:20:00+05:30,0.10,day_close,3.40,6.12,2024-05-16T09:51:00+05:30,6.12,sl,874050.00,-681.00,100.00,-781.00,
300,2024-05-23,Thursday,TRADED,,2024-05-23,22596.95,22600,22550,-1,22850,22250,25,12,300,0.77,4.65,8.37,2024-05-23T09:35:00+05:30,8.37,sl,3.60,6.48,2024-05-23T15:20:00+05:30,0.10,day_close,885750.00,-666.00,100.00,-766.00,
300,2024-05-30,Thursday,TRADED,,2024-05-30,22684.45,22700,22700,0,23000,22400,25,12,300,0.66,7.25,13.05,2024-05-30T15:20:00+05:30,0.05,day_close,11.00,19.80,2024-05-30T09:27:00+05:30,19.80,sl,891600.00,-1080.00,100.00,-1180.00,
300,2024-06-06,Thursday,TRADED,,2024-06-06,22716.35,22700,22700,0,23000,22400,25,12,300,0.91,30.95,55.71,2024-06-06T15:20:00+05:30,0.10,day_close,28.25,50.85,2024-06-06T09:21:00+05:30,50.85,sl,891600.00,1875.00,100.00,1775.00,
300,2024-06-13,Thursday,TRADED,,2024-06-13,23434.45,23450,23400,-1,23700,23100,25,12,300,0.84,3.65,6.57,2024-06-13T15:20:00+05:30,0.05,day_close,4.35,7.83,2024-06-13T15:20:00+05:30,0.10,day_close,918900.00,1755.00,100.00,1655.00,
300,2024-06-20,Thursday,TRADED,,2024-06-20,23504.15,23500,23450,-1,23750,23150,25,12,300,0.71,9.35,16.83,2024-06-20T15:20:00+05:30,0.05,day_close,6.60,11.88,2024-06-20T15:20:00+05:30,0.05,day_close,920850.00,4155.00,100.00,4055.00,
300,2024-06-27,Thursday,TRADED,,2024-06-27,23842.25,23850,23800,-1,24100,23500,25,12,300,0.65,7.65,13.77,2024-06-27T09:58:00+05:30,13.77,sl,5.00,9.00,2024-06-27T15:20:00+05:30,0.05,day_close,934500.00,-951.00,100.00,-1051.00,
300,2024-07-04,Thursday,TRADED,,2024-07-04,24346.05,24350,24300,-1,24600,24000,25,12,300,0.81,3.15,5.67,2024-07-04T15:20:00+05:30,0.05,day_close,3.90,7.02,2024-07-04T15:20:00+05:30,0.10,day_close,954000.00,1470.00,100.00,1370.00,
300,2024-07-11,Thursday,TRADED,,2024-07-11,24356.00,24350,24300,-1,24600,24000,25,12,300,0.77,2.80,5.04,2024-07-11T15:20:00+05:30,0.05,day_close,2.15,3.87,2024-07-11T10:16:00+05:30,3.87,sl,954000.00,-291.00,100.00,-391.00,
300,2024-07-18,Thursday,TRADED,,2024-07-18,24567.30,24550,24500,-1,24800,24200,25,12,300,0.67,3.35,6.03,2024-07-18T09:48:00+05:30,6.03,sl,2.25,4.05,2024-07-18T15:20:00+05:30,0.05,day_close,961800.00,-744.00,100.00,-844.00,
300,2024-07-25,Thursday,TRADED,,2024-07-25,24235.15,24250,24200,-1,24500,23900,25,12,300,0.72,7.40,13.32,2024-07-25T15:20:00+05:30,0.05,day_close,5.35,9.63,2024-07-25T15:20:00+05:30,0.05,day_close,950100.00,3195.00,100.00,3095.00,
300,2024-08-01,Thursday,TRADED,,2024-08-01,25052.90,25050,25000,-1,25300,24700,25,12,300,0.79,4.95,8.91,2024-08-01T15:20:00+05:30,0.10,day_close,3.90,7.02,2024-08-01T15:20:00+05:30,0.05,day_close,981300.00,2010.00,100.00,1910.00,
300,2024-08-08,Thursday,TRADED,,2024-08-08,24220.85,24200,24200,0,24500,23900,25,12,300,0.97,10.60,19.08,2024-08-08T09:31:00+05:30,19.08,sl,10.95,19.71,2024-08-08T09:35:00+05:30,19.71,sl,950100.00,-5772.00,100.00,-5872.00,
300,2024-08-14,Wednesday,TRADED,,2024-08-14,24149.20,24150,24150,0,24450,23850,25,12,300,0.99,4.55,8.19,2024-08-14T15:20:00+05:30,0.10,day_close,4.50,8.10,2024-08-14T15:20:00+05:30,0.10,day_close,948150.00,2055.00,100.00,1955.00,
300,2024-08-22,Thursday,TRADED,,2024-08-22,24826.40,24850,24800,-1,25100,24500,25,12,300,0.80,1.60,2.88,2024-08-22T15:20:00+05:30,0.05,day_close,2.00,3.60,2024-08-22T15:20:00+05:30,0.10,day_close,973500.00,435.00,100.00,335.00,
300,2024-08-29,Thursday,TRADED,,2024-08-29,25029.60,25050,25000,-1,25300,24700,25,12,300,0.94,1.55,2.79,2024-08-29T09:53:00+05:30,2.79,sl,1.45,2.61,2024-08-29T14:04:00+05:30,2.61,sl,981300.00,-1320.00,100.00,-1420.00,
300,2024-09-05,Thursday,TRADED,,2024-09-05,25241.15,25250,25200,-1,25500,24900,25,12,300,0.88,2.10,3.78,2024-09-05T15:20:00+05:30,0.05,day_close,1.85,3.33,2024-09-05T15:20:00+05:30,0.05,day_close,989100.00,555.00,100.00,455.00,
300,2024-09-12,Thursday,TRADED,,2024-09-12,25016.80,25000,25000,0,25300,24700,25,12,300,0.90,2.00,3.60,2024-09-12T09:28:00+05:30,3.60,sl,1.80,3.24,2024-09-12T10:31:00+05:30,3.30,gap_sl,981300.00,-1530.00,100.00,-1630.00,
300,2024-09-19,Thursday,TRADED,,2024-09-19,25553.65,25550,25550,0,25850,25250,25,12,300,0.94,3.60,6.48,2024-09-19T15:20:00+05:30,0.05,day_close,3.85,6.93,2024-09-19T11:29:00+05:30,6.93,sl,1002750.00,-459.00,100.00,-559.00,
300,2024-09-26,Thursday,TRADED,,2024-09-26,26033.15,26050,26000,-1,26300,25700,25,12,300,0.65,6.05,10.89,2024-09-26T14:20:00+05:30,10.89,sl,3.95,7.11,2024-09-26T13:10:00+05:30,7.11,sl,1020300.00,-3000.00,100.00,-3100.00,
300,2024-10-03,Thursday,TRADED,,2024-10-03,25530.00,25550,25500,-1,25800,25200,25,12,300,0.73,7.40,13.32,2024-10-03T09:27:00+05:30,13.32,sl,10.20,18.36,2024-10-03T13:53:00+05:30,18.36,sl,1000800.00,-4824.00,100.00,-4924.00,
300,2024-10-10,Thursday,TRADED,,2024-10-10,25051.20,25050,25050,0,25350,24750,25,12,300,0.92,7.05,12.69,2024-10-10T15:20:00+05:30,0.05,day_close,7.65,13.77,2024-10-10T15:20:00+05:30,0.10,day_close,983250.00,3765.00,100.00,3665.00,
300,2024-10-17,Thursday,TRADED,,2024-10-17,24957.05,24950,24950,0,25250,24650,25,12,300,0.62,4.20,7.56,2024-10-17T15:20:00+05:30,0.05,day_close,2.60,4.68,2024-10-17T09:37:00+05:30,4.68,sl,979350.00,21.00,100.00,-79.00,
300,2024-10-24,Thursday,TRADED,,2024-10-24,24435.45,24450,24450,0,24750,24150,25,12,300,0.63,4.65,8.37,2024-10-24T15:20:00+05:30,0.05,day_close,7.35,13.23,2024-10-24T15:20:00+05:30,0.10,day_close,959850.00,2955.00,100.00,2855.00,
300,2024-10-31,Thursday,TRADED,,2024-10-31,24308.95,24300,24300,0,24600,24000,25,12,300,0.86,5.85,10.53,2024-10-31T15:20:00+05:30,0.10,day_close,5.05,9.09,2024-10-31T15:20:00+05:30,0.05,day_close,954000.00,2625.00,100.00,2525.00,
300,2024-11-07,Thursday,TRADED,,2024-11-07,24454.30,24450,24450,0,24750,24150,25,12,300,0.69,5.85,10.53,2024-11-07T15:20:00+05:30,0.05,day_close,4.05,7.29,2024-11-07T09:23:00+05:30,7.29,sl,959850.00,168.00,100.00,68.00,
300,2024-11-14,Thursday,TRADED,,2024-11-14,23604.90,23600,23600,0,23900,23300,25,12,300,0.88,11.15,20.07,2024-11-14T15:20:00+05:30,0.05,day_close,12.65,22.77,2024-11-14T15:20:00+05:30,0.05,day_close,926700.00,6510.00,100.00,6410.00,
300,2024-11-21,Thursday,TRADED,,2024-11-21,23373.00,23350,23350,0,23650,23050,25,12,300,0.90,15.50,27.90,2024-11-21T15:20:00+05:30,0.10,day_close,14.00,25.20,2024-11-21T15:20:00+05:30,0.10,day_close,916950.00,8190.00,100.00,8090.00,
300,2024-11-28,Thursday,TRADED,,2024-11-28,24278.60,24300,24250,-1,24550,23950,75,4,300,0.66,9.00,16.20,2024-11-28T15:20:00+05:30,0.20,day_close,5.90,10.62,2024-11-28T10:33:00+05:30,10.62,sl,952050.00,624.00,100.00,524.00,
300,2024-12-05,Thursday,TRADED,,2024-12-05,24497.70,24500,24450,-1,24750,24150,75,4,300,1.00,23.00,41.40,2024-12-05T12:08:00+05:30,41.40,sl,23.10,41.58,2024-12-05T09:46:00+05:30,41.58,sl,959850.00,-11664.00,100.00,-11764.00,
300,2024-12-12,Thursday,TRADED,,2024-12-12,24648.95,24650,24650,0,24950,24350,75,4,300,0.92,5.70,10.26,2024-12-12T09:35:00+05:30,10.26,sl,5.25,9.45,2024-12-12T10:13:00+05:30,9.45,sl,967650.00,-3228.00,100.00,-3328.00,
300,2024-12-19,Thursday,TRADED,,2024-12-19,23919.50,23900,23850,-1,24150,23550,75,4,300,0.88,18.20,32.76,2024-12-19T15:20:00+05:30,0.15,day_close,16.00,28.80,2024-12-19T15:20:00+05:30,0.10,day_close,936450.00,9585.00,100.00,9485.00,
300,2024-12-26,Thursday,TRADED,,2024-12-26,23836.55,23850,23800,-1,24100,23500,75,4,300,0.78,8.55,15.39,2024-12-26T15:20:00+05:30,0.05,day_close,6.70,12.06,2024-12-26T13:35:00+05:30,12.25,gap_sl,934500.00,285.00,100.00,185.00,
300,2025-01-02,Thursday,TRADED,,2025-01-02,23788.20,23800,23750,-1,24050,23450,75,4,300,0.79,23.15,41.67,2025-01-02T10:49:00+05:30,41.67,sl,18.35,33.03,2025-01-02T15:20:00+05:30,0.10,day_close,932550.00,-681.00,100.00,-781.00,
300,2025-01-09,Thursday,TRADED,,2025-01-09,23616.55,23600,23600,0,23900,23300,75,4,300,0.78,6.70,12.06,2025-01-09T15:20:00+05:30,0.10,day_close,5.20,9.36,2025-01-09T15:20:00+05:30,0.05,day_close,926700.00,2925.00,100.00,2825.00,
300,2025-01-16,Thursday,TRADED,,2025-01-16,23335.50,23350,23350,0,23650,23050,75,4,300,0.82,2.70,4.86,2025-01-16T15:20:00+05:30,0.05,day_close,3.30,5.94,2025-01-16T15:20:00+05:30,0.05,day_close,916950.00,1170.00,100.00,1070.00,
300,2025-01-23,Thursday,TRADED,,2025-01-23,23108.10,23100,23100,0,23400,22800,75,4,300,0.75,5.50,9.90,2025-01-23T09:40:00+05:30,9.90,sl,4.15,7.47,2025-01-23T15:20:00+05:30,0.05,day_close,907200.00,-690.00,100.00,-790.00,
300,2025-01-30,Thursday,TRADED,,2025-01-30,23158.20,23150,23100,-1,23400,22800,75,4,300,0.77,34.54,62.17,2025-01-30T10:10:00+05:30,62.17,sl,26.55,47.79,2025-01-30T15:20:00+05:30,0.10,day_close,907200.00,-954.60,100.00,-1054.60,
300,2025-02-06,Thursday,TRADED,,2025-02-06,23723.70,23700,23750,1,24050,23450,75,4,300,1.00,4.40,7.92,2025-02-06T15:20:00+05:30,0.05,day_close,4.40,7.92,2025-02-06T09:23:00+05:30,7.92,sl,932550.00,-351.00,100.00,-451.00,
300,2025-02-13,Thursday,TRADED,,2025-02-13,23081.45,23100,23100,0,23400,22800,75,4,300,0.72,7.85,14.13,2025-02-13T15:20:00+05:30,0.05,day_close,10.95,19.71,2025-02-13T09:24:00+05:30,19.71,sl,907200.00,-888.00,100.00,-988.00,
300,2025-02-20,Thursday,TRADED,,2025-02-20,22857.20,22850,22900,1,23200,22600,75,4,300,0.75,6.00,10.80,2025-02-20T15:20:00+05:30,0.05,day_close,8.05,14.49,2025-02-20T15:20:00+05:30,0.05,day_close,899400.00,3585.00,100.00,3485.00,
300,2025-02-27,Thursday,TRADED,,2025-02-27,22579.40,22600,22550,-1,22850,22250,75,4,300,0.93,2.04,3.67,2025-02-27T15:20:00+05:30,0.10,day_close,1.90,3.42,2025-02-27T15:20:00+05:30,0.05,day_close,885750.00,537.00,100.00,437.00,
300,2025-03-06,Thursday,TRADED,,2025-03-06,22433.10,22450,22350,-2,22650,22050,75,4,300,0.74,3.45,6.21,2025-03-06T15:20:00+05:30,0.05,day_close,2.54,4.57,2025-03-06T09:22:00+05:30,4.57,sl,877950.00,-189.60,100.00,-289.60,
300,2025-03-13,Thursday,TRADED,,2025-03-13,22485.00,22500,22450,-1,22750,22150,75,4,300,0.98,2.70,4.86,2025-03-13T15:20:00+05:30,0.10,day_close,2.65,4.77,2025-03-13T15:20:00+05:30,0.05,day_close,881850.00,960.00,100.00,860.00,
300,2025-03-20,Thursday,TRADED,,2025-03-20,23022.30,23000,22950,-1,23250,22650,75,4,300,0.73,5.45,9.81,2025-03-20T09:24:00+05:30,9.81,sl,4.00,7.20,2025-03-20T15:20:00+05:30,0.05,day_close,901350.00,-723.00,100.00,-823.00,
300,2025-03-27,Thursday,TRADED,,2025-03-27,23507.80,23500,23500,0,23800,23200,75,4,300,0.98,8.60,15.48,2025-03-27T15:20:00+05:30,0.05,day_close,8.80,15.84,2025-03-27T15:20:00+05:30,0.15,day_close,922800.00,4560.00,100.00,4460.00,
300,2025-04-03,Thursday,TRADED,,2025-04-03,23218.65,23200,23100,-2,23400,22800,75,4,300,0.78,5.95,10.71,2025-04-03T09:21:00+05:30,10.71,sl,4.65,8.37,2025-04-03T15:20:00+05:30,0.05,day_close,907200.00,-648.00,100.00,-748.00,
300,2025-04-09,Wednesday,TRADED,,2025-04-09,22412.35,22400,22350,-1,22650,22050,75,4,300,0.86,35.65,64.17,2025-04-09T15:20:00+05:30,0.10,day_close,30.55,54.99,2025-04-09T15:20:00+05:30,0.10,day_close,877950.00,19200.00,100.00,19100.00,
300,2025-04-17,Thursday,TRADED,,2025-04-17,23357.65,23350,23350,0,23650,23050,75,4,300,0.97,3.80,6.84,2025-04-17T09:43:00+05:30,6.84,sl,3.70,6.66,2025-04-17T15:20:00+05:30,0.05,day_close,916950.00,-417.00,100.00,-517.00,
300,2025-04-24,Thursday,TRADED,,2025-04-24,24272.40,24250,24250,0,24550,23950,75,4,300,0.94,6.55,11.79,2025-04-24T09:35:00+05:30,11.79,sl,6.95,12.51,2025-04-24T15:20:00+05:30,0.15,day_close,952050.00,-132.00,100.00,-232.00,
300,2025-04-30,Wednesday,TRADED,,2025-04-30,24320.35,24300,24250,-1,24550,23950,75,4,300,0.89,4.45,8.01,2025-04-30T15:20:00+05:30,0.05,day_close,3.95,7.11,2025-04-30T15:20:00+05:30,0.10,day_close,952050.00,1875.00,100.00,1775.00,
300,2025-05-08,Thursday,TRADED,,2025-05-08,24398.45,24400,24350,-1,24650,24050,75,4,300,0.88,3.20,5.76,2025-05-08T15:20:00+05:30,0.15,day_close,3.65,6.57,2025-05-08T13:38:00+05:30,6.57,sl,955950.00,-561.00,100.00,-661.00,
300,2025-05-15,Thursday,TRADED,,2025-05-15,24620.00,24600,24600,0,24900,24300,75,4,300,0.87,9.00,16.20,2025-05-15T10:31:00+05:30,16.20,sl,7.85,14.13,2025-05-15T09:45:00+05:30,14.13,sl,965700.00,-4644.00,100.00,-4744.00,
300,2025-05-22,Thursday,TRADED,,2025-05-22,24644.70,24650,24650,0,24950,24350,75,4,300,0.74,23.45,42.21,2025-05-22T15:20:00+05:30,0.15,day_close,17.30,31.14,2025-05-22T15:20:00+05:30,0.05,day_close,967650.00,11565.00,100.00,11465.00,
300,2025-05-29,Thursday,TRADED,,2025-05-29,24845.20,24850,24850,0,25150,24550,75,4,300,0.82,10.60,19.08,2025-05-29T15:20:00+05:30,0.20,day_close,8.69,15.64,2025-05-29T15:20:00+05:30,0.15,day_close,975450.00,5082.00,100.00,4982.00,
300,2025-06-05,Thursday,TRADED,,2025-06-05,24625.55,24650,24650,0,24950,24350,75,4,300,0.99,5.15,9.27,2025-06-05T09:25:00+05:30,9.27,sl,5.10,9.18,2025-06-05T15:20:00+05:30,0.05,day_close,967650.00,-321.00,100.00,-421.00,
300,2025-06-12,Thursday,TRADED,,2025-06-12,25164.90,25150,25150,0,25450,24850,75,4,300,0.91,4.50,8.10,2025-06-12T15:20:00+05:30,0.15,day_close,4.10,7.38,2025-06-12T09:43:00+05:30,7.38,sl,987150.00,-279.00,100.00,-379.00,
300,2025-06-19,Thursday,TRADED,,2025-06-19,24755.30,24750,24750,0,25050,24450,75,4,300,0.84,5.70,10.26,2025-06-19T15:20:00+05:30,0.15,day_close,4.80,8.64,2025-06-19T15:20:00+05:30,0.15,day_close,971550.00,2460.00,100.00,2360.00,
300,2025-06-26,Thursday,TRADED,,2025-06-26,25282.75,25300,25250,-1,25550,24950,75,4,300,0.95,5.20,9.36,2025-06-26T09:21:00+05:30,9.36,sl,5.50,9.90,2025-06-26T15:20:00+05:30,0.10,day_close,991050.00,-228.00,100.00,-328.00,
300,2025-07-03,Thursday,TRADED,,2025-07-03,25522.75,25500,25500,0,25800,25200,75,4,300,0.81,3.85,6.93,2025-07-03T15:20:00+05:30,0.05,day_close,3.10,5.58,2025-07-03T09:23:00+05:30,5.58,sl,1000800.00,-204.00,100.00,-304.00,
300,2025-07-10,Thursday,TRADED,,2025-07-10,25470.60,25450,25500,1,25800,25200,75,4,300,0.82,2.30,4.14,2025-07-10T15:20:00+05:30,0.05,day_close,2.80,5.04,2025-07-10T09:54:00+05:30,5.04,sl,1000800.00,-597.00,100.00,-697.00,
300,2025-07-17,Thursday,TRADED,,2025-07-17,25216.60,25200,25250,1,25550,24950,75,4,300,0.72,1.80,3.24,2025-07-17T15:20:00+05:30,0.05,day_close,2.50,4.50,2025-07-17T10:17:00+05:30,4.50,sl,991050.00,-675.00,100.00,-775.00,
300,2025-07-24,Thursday,TRADED,,2025-07-24,25204.10,25200,25200,0,25500,24900,75,4,300,0.85,1.70,3.06,2025-07-24T15:20:00+05:30,0.05,day_close,2.00,3.60,2025-07-24T11:23:00+05:30,3.60,sl,989100.00,-585.00,100.00,-685.00,
300,2025-07-31,Thursday,TRADED,,2025-07-31,24680.35,24700,24650,-1,24950,24350,75,4,300,0.81,5.65,10.17,2025-07-31T11:25:00+05:30,10.17,sl,4.55,8.19,2025-07-31T15:20:00+05:30,0.10,day_close,967650.00,-621.00,100.00,-721.00,
300,2025-08-07,Thursday,TRADED,,2025-08-07,24519.20,24500,24500,0,24800,24200,75,4,300,0.79,4.25,7.65,2025-08-07T15:20:00+05:30,0.10,day_close,3.35,6.03,2025-08-07T15:20:00+05:30,0.05,day_close,961800.00,1635.00,100.00,1535.00,
300,2025-08-14,Thursday,TRADED,,2025-08-14,24640.15,24650,24600,-1,24900,24300,75,4,300,0.96,2.70,4.86,2025-08-14T15:20:00+05:30,0.10,day_close,2.60,4.68,2025-08-14T15:20:00+05:30,0.05,day_close,965700.00,945.00,100.00,845.00,
300,2025-08-21,Thursday,TRADED,,2025-08-21,25074.70,25050,25050,0,25350,24750,75,4,300,0.90,1.75,3.15,2025-08-21T15:20:00+05:30,0.05,day_close,1.95,3.51,2025-08-21T15:20:00+05:30,0.05,day_close,983250.00,480.00,100.00,380.00,
300,2025-08-28,Thursday,TRADED,,2025-08-28,24575.55,24600,24600,0,24900,24300,75,4,300,0.77,4.30,7.74,2025-08-28T15:20:00+05:30,0.15,day_close,3.30,5.94,2025-08-28T09:24:00+05:30,5.94,sl,965700.00,-147.00,100.00,-247.00,
300,2025-09-02,Tuesday,TRADED,,2025-09-02,24662.05,24650,24600,-1,24900,24300,75,4,300,0.76,1.90,3.42,2025-09-02T09:53:00+05:30,3.42,sl,1.45,2.61,2025-09-02T10:06:00+05:30,2.61,sl,965700.00,-1404.00,100.00,-1504.00,
300,2025-09-09,Tuesday,TRADED,,2025-09-09,24851.85,24850,24800,-1,25100,24500,75,4,300,0.94,2.65,4.77,2025-09-09T15:20:00+05:30,0.05,day_close,2.50,4.50,2025-09-09T15:20:00+05:30,0.05,day_close,973500.00,915.00,100.00,815.00,
300,2025-09-16,Tuesday,TRADED,,2025-09-16,25107.25,25100,25050,-1,25350,24750,75,4,300,0.97,1.85,3.33,2025-09-16T09:53:00+05:30,3.33,sl,1.90,3.42,2025-09-16T15:20:00+05:30,0.05,day_close,983250.00,-489.00,100.00,-589.00,
300,2025-09-23,Tuesday,TRADED,,2025-09-23,25224.95,25200,25250,1,25550,24950,75,4,300,0.95,1.95,3.51,2025-09-23T15:20:00+05:30,0.05,day_close,1.85,3.33,2025-09-23T09:37:00+05:30,3.33,sl,991050.00,-474.00,100.00,-574.00,
300,2025-09-30,Tuesday,TRADED,,2025-09-30,24712.55,24700,24700,0,25000,24400,75,4,300,0.76,3.70,6.66,2025-09-30T15:20:00+05:30,0.05,day_close,2.80,5.04,2025-09-30T10:36:00+05:30,5.04,sl,969600.00,-177.00,100.00,-277.00,
300,2025-10-07,Tuesday,TRADED,,2025-10-07,25083.70,25100,25050,-1,25350,24750,75,4,300,0.94,2.50,4.50,2025-10-07T09:48:00+05:30,4.50,sl,2.65,4.77,2025-10-07T15:20:00+05:30,0.05,day_close,983250.00,-420.00,100.00,-520.00,
300,2025-10-14,Tuesday,TRADED,,2025-10-14,25290.75,25300,25250,-1,25550,24950,75,4,300,0.88,2.95,5.31,2025-10-14T15:20:00+05:30,0.05,day_close,2.60,4.68,2025-10-14T10:02:00+05:30,4.68,sl,991050.00,-354.00,100.00,-454.00,
300,2025-10-20,Monday,TRADED,,2025-10-20,25903.25,25900,25900,0,26200,25600,75,4,300,0.89,4.00,7.20,2025-10-20T15:20:00+05:30,0.05,day_close,4.50,8.10,2025-10-20T09:25:00+05:30,8.10,sl,1016400.00,-495.00,100.00,-595.00,
300,2025-10-28,Tuesday,TRADED,,2025-10-28,25968.05,25950,25950,0,26250,25650,75,4,300,0.76,6.80,12.24,2025-10-28T09:33:00+05:30,12.24,sl,5.20,9.36,2025-10-28T15:20:00+05:30,0.15,day_close,1018350.00,-717.00,100.00,-817.00,
300,2025-11-04,Tuesday,TRADED,,2025-11-04,25754.60,25750,25750,0,26050,25450,75,4,300,0.69,4.20,7.56,2025-11-04T15:20:00+05:30,0.10,day_close,2.90,5.22,2025-11-04T15:20:00+05:30,0.05,day_close,1010550.00,1485.00,100.00,1385.00,
300,2025-11-11,Tuesday,TRADED,,2025-11-11,25544.65,25550,25550,0,25850,25250,75,4,300,0.91,2.65,4.77,2025-11-11T15:20:00+05:30,0.05,day_close,2.90,5.22,2025-11-11T15:20:00+05:30,0.05,day_close,1002750.00,1035.00,100.00,935.00,
300,2025-11-18,Tuesday,TRADED,,2025-11-18,25946.10,25950,25950,0,26250,25650,75,4,300,0.91,2.55,4.59,2025-11-18T15:20:00+05:30,0.05,day_close,2.80,5.04,2025-11-18T15:20:00+05:30,0.15,day_close,1018350.00,945.00,100.00,845.00,
300,2025-11-25,Tuesday,TRADED,,2025-11-25,25963.75,25950,26000,1,26300,25700,75,4,300,0.97,2.90,5.22,2025-11-25T15:20:00+05:30,0.10,day_close,2.80,5.04,2025-11-25T15:20:00+05:30,0.05,day_close,1020300.00,1065.00,100.00,965.00,
300,2025-12-02,Tuesday,TRADED,,2025-12-02,26141.55,26150,26150,0,26450,25850,75,4,300,1.00,2.05,3.69,2025-12-02T15:20:00+05:30,0.05,day_close,2.05,3.69,2025-12-02T15:20:00+05:30,0.05,day_close,1026150.00,600.00,100.00,500.00,
300,2025-12-09,Tuesday,TRADED,,2025-12-09,25819.60,25800,25900,2,26200,25600,75,4,300,0.78,3.20,5.76,2025-12-09T15:20:00+05:30,0.05,day_close,4.10,7.38,2025-12-09T09:31:00+05:30,7.38,sl,1016400.00,-639.00,100.00,-739.00,
300,2025-12-16,Tuesday,TRADED,,2025-12-16,25938.35,25950,25900,-1,26200,25600,75,4,300,0.76,2.50,4.50,2025-12-16T15:20:00+05:30,0.05,day_close,1.90,3.42,2025-12-16T15:20:00+05:30,0.05,day_close,1016400.00,690.00,100.00,590.00,
300,2025-12-23,Tuesday,TRADED,,2025-12-23,26166.65,26150,26100,-1,26400,25800,75,4,300,0.98,2.15,3.87,2025-12-23T15:20:00+05:30,0.05,day_close,2.20,3.96,2025-12-23T15:20:00+05:30,0.05,day_close,1024200.00,675.00,100.00,575.00,
300,2025-12-30,Tuesday,TRADED,,2025-12-30,25908.65,25900,26000,2,26300,25700,75,4,300,0.84,1.55,2.79,2025-12-30T15:20:00+05:30,0.05,day_close,1.85,3.33,2025-12-30T15:20:00+05:30,0.05,day_close,1020300.00,390.00,100.00,290.00,
300,2026-01-06,Tuesday,TRADED,,2026-01-06,26194.95,26200,26200,0,26500,25900,65,5,325,0.97,1.70,3.06,2026-01-06T15:20:00+05:30,0.10,day_close,1.65,2.97,2026-01-06T15:20:00+05:30,0.05,day_close,1113775.00,390.00,100.00,290.00,
300,2026-01-13,Tuesday,TRADED,,2026-01-13,25845.75,25850,25800,-1,26100,25500,65,5,325,0.72,4.65,8.37,2026-01-13T15:20:00+05:30,0.10,day_close,3.35,6.03,2026-01-13T09:28:00+05:30,6.03,sl,1096875.00,-42.25,100.00,-142.25,
300,2026-01-20,Tuesday,TRADED,,2026-01-20,25559.30,25550,25600,1,25900,25300,65,5,325,0.76,2.40,4.32,2026-01-20T15:20:00+05:30,0.05,day_close,3.15,5.67,2026-01-20T09:27:00+05:30,5.67,sl,1088425.00,-705.25,100.00,-805.25,
300,2026-01-27,Tuesday,TRADED,,2026-01-27,25007.50,25000,25050,1,25350,24750,65,5,325,0.73,13.75,24.75,2026-01-27T15:20:00+05:30,0.15,day_close,18.85,33.93,2026-01-27T15:20:00+05:30,0.10,day_close,1065187.50,9863.75,100.00,9763.75,
300,2026-02-03,Tuesday,TRADED,,2026-02-03,25811.10,25800,25900,2,26200,25600,65,5,325,0.90,53.50,96.30,2026-02-03T15:20:00+05:30,0.10,day_close,59.50,107.10,2026-02-03T15:20:00+05:30,0.10,day_close,1101100.00,36010.00,100.00,35910.00,
300,2026-02-10,Tuesday,TRADED,,2026-02-10,25918.10,25900,25850,-1,26150,25550,65,5,325,0.83,3.90,7.02,2026-02-10T15:20:00+05:30,0.10,day_close,3.25,5.85,2026-02-10T15:20:00+05:30,0.05,day_close,1098987.50,1625.00,100.00,1525.00,
300,2026-02-17,Tuesday,TRADED,,2026-02-17,25610.45,25600,25600,0,25900,25300,65,5,325,0.97,3.20,5.76,2026-02-17T09:58:00+05:30,5.76,sl,3.10,5.58,2026-02-17T15:20:00+05:30,0.05,day_close,1088425.00,-490.75,100.00,-590.75,
300,2026-02-24,Tuesday,TRADED,,2026-02-24,25571.25,25550,25550,0,25850,25250,65,5,325,0.85,5.85,10.53,2026-02-24T15:20:00+05:30,0.05,day_close,5.00,9.00,2026-02-24T09:33:00+05:30,9.00,sl,1086312.50,-65.00,100.00,-165.00,
300,2026-03-02,Monday,TRADED,,2026-03-02,24893.10,24900,24800,-2,25100,24500,65,5,325,0.91,26.65,47.97,2026-03-02T09:20:00+05:30,47.97,sl,24.35,43.83,2026-03-02T15:20:00+05:30,0.05,day_close,1054625.00,318.50,100.00,218.50,
300,2026-03-10,Tuesday,TRADED,,2026-03-10,24150.70,24150,24150,0,24450,23850,65,5,325,0.83,13.25,23.85,2026-03-10T15:20:00+05:30,0.05,day_close,15.95,28.71,2026-03-10T15:20:00+05:30,0.05,day_close,1027162.50,8807.50,100.00,8707.50,
300,2026-03-17,Tuesday,TRADED,,2026-03-17,23393.20,23400,23350,-1,23650,23050,65,5,325,0.77,11.05,19.89,2026-03-17T09:58:00+05:30,19.89,sl,8.50,15.30,2026-03-17T15:20:00+05:30,0.05,day_close,993362.50,-776.75,100.00,-876.75,
300,2026-03-24,Tuesday,TRADED,,2026-03-24,22789.80,22800,22800,0,23100,22500,65,5,325,0.82,20.75,37.35,2026-03-24T12:42:00+05:30,37.35,sl,25.25,45.45,2026-03-24T10:37:00+05:30,45.45,sl,970125.00,-12610.00,100.00,-12710.00,
300,2026-04-28,Tuesday,TRADED,,2026-04-28,24094.75,24100,24100,0,24400,23800,65,5,325,0.88,3.00,5.40,2026-04-28T15:20:00+05:30,0.05,day_close,3.40,6.12,2026-04-28T15:20:00+05:30,0.10,day_close,1025050.00,1381.25,100.00,1281.25,
300,2026-05-05,Tuesday,SKIPPED,no_priceable_pair,2026-05-05,24062.05,24050,,,,,65,5,325,,,,,,,,,,,,,,,,
300,2026-05-12,Tuesday,SKIPPED,no_priceable_pair,2026-05-12,23737.80,23750,,,,,65,5,325,,,,,,,,,,,,,,,,
300,2026-05-19,Tuesday,TRADED,,2026-05-19,23736.45,23750,23700,-1,24000,23400,65,5,325,0.79,4.90,8.82,2026-05-19T15:20:00+05:30,0.05,day_close,6.20,11.16,2026-05-19T09:36:00+05:30,11.16,sl,1008150.00,-685.75,100.00,-785.75,
300,2026-05-26,Tuesday,TRADED,,2026-05-26,24011.55,24000,24000,0,24300,23700,65,5,325,0.83,2.95,5.31,2026-05-26T15:20:00+05:30,0.05,day_close,2.45,4.41,2026-05-26T15:20:00+05:30,0.05,day_close,1020825.00,1072.50,100.00,972.50,
300,2026-06-02,Tuesday,TRADED,,2026-06-02,23285.65,23300,23300,0,23600,23000,65,5,325,0.77,4.35,7.83,2026-06-02T12:50:00+05:30,7.83,sl,3.35,6.03,2026-06-02T15:20:00+05:30,0.05,day_close,991250.00,-708.50,100.00,-808.50,
300,2026-06-09,Tuesday,SKIPPED,no_priceable_pair,2026-06-09,23233.30,23250,,,,,65,5,325,,,,,,,,,,,,,,,,
300,2026-06-16,Tuesday,TRADED,,2026-06-16,23932.80,23950,23900,-1,24200,23600,65,5,325,0.67,2.85,5.13,2026-06-16T15:20:00+05:30,0.05,day_close,1.90,3.42,2026-06-16T15:20:00+05:30,0.05,day_close,1016600.00,861.25,100.00,761.25,
